10,193,2,0,0,0,0,21,97,11,1,0,134,4,1,8,30,12,9,55,145,27,3,0,0,3,3,62,7,21,19,2,1,13,21,5,0,0,0,36,103,0,0,0,118,13,15,33,60,1,1,42,145,54,8,0,0,0,0,79,28,69,54,8,0,1,0,3,0,0,7,34,29,2,0,0,45,36,91,47,20,10,14,11,145,94,16,0,0,0,8,86,60,39,33,20,7,18,36,29,0,0,0,4,15,6,0,0,9,1,5,13,35,29,28,18,94,1,0,1,0,2,56,145,13,0,0,0,0,48,145,64
24,97,2,0,37,7,0,0,0,6,72,82,66,21,0,0,0,13,86,60,141,13,1,0,1,0,4,91,21,8,7,12,16,21,8,21,73,3,0,0,0,0,17,66,141,138,22,6,0,0,8,24,89,74,55,64,1,0,0,75,65,51,26,7,8,4,0,33,122,3,0,0,0,0,0,18,141,25,3,3,0,0,0,69,85,31,25,43,2,2,14,56,34,33,6,3,12,10,37,25,81,2,0,0,0,0,15,79,141,14,0,0,0,0,2,98,87,7,6,3,0,0,7,57,9,16,19,12,2,2,24,14
26,200,2,0,57,18,10,21,4,0,0,0,165,100,37,0,0,0,1,11,29,33,108,70,33,16,6,7,2,6,85,45,28,4,0,2,67,9,12,40,21,10,11,2,165,51,10,5,1,2,1,17,48,21,32,60,32,37,9,9,14,2,5,48,78,8,1,2,47,15,11,9,6,3,5,3,165,12,3,5,10,9,0,34,81,9,6,24,55,78,14,18,30,5,0,34,98,7,4,4,21,5,58,77,8,2,5,2,165,21,10,21,11,6,8,79,50,10,16,31,62,57,46,44,14,3,21,15,37,40,74,14
27,156,2,0,32,0,0,17,129,19,0,3,133,13,1,5,2,0,0,9,77,9,3,20,12,0,0,12,46,2,1,3,1,0,0,11,29,3,14,108,74,15,0,1,133,26,2,8,6,0,0,10,86,13,2,33,56,0,0,10,78,14,4,2,1,0,0,12,11,3,23,133,133,73,0,1,133,13,5,14,13,0,0,18,91,4,4,45,83,0,0,16,82,4,0,4,10,1,3,42,2,2,1,17,133,116,0,0,133,16,3,5,8,1,0,10,86,5,4,41,79,0,0,5,85,18,1,8,21,0,0,9
34,74,2,0,47,2,0,0,15,18,1,7,198,52,17,1,1,1,0,14,27,42,75,40,2,0,0,0,72,50,16,18,15,0,0,0,55,0,0,13,29,9,0,9,198,37,7,2,2,0,0,34,87,50,46,80,11,0,0,1,27,54,21,31,10,0,0,0,45,0,1,17,36,1,0,1,198,8,0,2,3,0,0,17,148,12,15,37,4,0,0,18,4,26,21,21,9,6,7,1,27,0,0,2,32,8,0,2,198,10,0,0,4,0,0,26,120,19,4,5,8,5,4,8,2,2,6,6,20,12,8,4
44,9,2,0,44,0,0,0,1,0,0,6,148,3,0,0,0,0,0,20,20,5,14,4,0,0,0,1,0,0,5,0,0,0,0,0,42,3,4,1,1,0,0,2,148,11,0,0,0,0,0,18,45,22,25,1,0,0,0,2,0,1,11,0,0,0,0,0,23,9,12,0,0,0,0,0,148,74,9,0,0,0,0,15,57,102,148,1,1,0,0,5,0,21,124,2,1,0,0,0,22,9,1,0,0,0,0,0,148,148,14,0,0,0,0,10,122,148,148,0,0,0,0,4,0,38,148,0,0,0,0,0
46,58,2,0,6,0,0,0,1,10,6,24,9,0,0,4,3,6,8,30,6,2,12,26,3,15,13,1,133,139,122,30,0,1,2,2,11,0,0,0,0,3,15,26,11,0,0,0,0,13,26,20,37,4,0,0,0,10,19,7,195,53,10,0,0,0,0,36,28,2,21,37,0,0,11,34,11,6,3,1,0,3,6,20,46,12,1,0,0,0,1,5,195,2,0,0,0,0,0,100,3,1,43,195,27,4,2,8,2,0,1,70,13,0,16,57,25,1,0,1,0,0,6,45,195,2,0,0,0,0,0,110
46,58,2,0,1,15,1,0,0,131,113,7,1,22,32,2,7,92,14,0,10,31,24,1,0,2,0,0,10,11,7,0,0,0,0,13,1,65,17,1,0,17,12,0,3,17,12,7,5,1,0,1,25,15,20,1,0,0,0,3,5,23,29,0,0,0,0,1,0,9,72,9,0,0,0,0,1,1,46,30,1,0,0,0,31,7,14,7,0,0,0,4,16,5,4,0,0,21,6,8,0,13,194,43,0,0,0,0,0,0,194,191,0,0,0,0,4,0,194,192,31,3,0,1,4,0,7,27,33,89,4,1
47,91,2,0,3,0,0,0,0,0,56,78,41,0,0,0,0,0,29,127,122,16,0,0,0,0,10,114,69,11,0,0,1,10,6,37,9,0,0,0,0,1,10,58,108,6,0,0,0,0,0,127,127,39,0,0,0,0,2,62,75,20,0,0,18,67,13,9,16,0,0,0,0,0,15,28,127,51,0,0,0,0,3,54,127,60,0,0,0,30,98,50,26,0,0,0,6,91,127,43,9,4,9,0,0,0,2,9,74,5,1,0,0,0,22,93,21,3,0,0,0,52,127,49,54,2,0,0,0,26,71,64
47,155,2,0,24,8,2,16,58,36,0,1,128,27,3,6,19,0,0,3,58,10,3,24,99,0,0,3,65,34,1,0,1,0,0,4,32,2,0,53,121,8,1,6,128,8,1,4,23,0,0,16,94,6,1,15,128,0,0,7,114,13,1,0,4,0,0,7,23,9,11,44,128,26,0,2,128,34,5,4,22,0,0,14,104,5,0,19,128,1,0,7,128,5,1,3,7,0,0,6,8,3,4,26,54,50,4,6,128,16,1,2,11,4,3,48,74,5,0,24,122,2,1,9,113,7,1,4,7,0,0,2
55,200,2,0,7,2,0,0,1,3,9,4,126,45,0,0,0,0,4,2,49,33,8,31,24,0,0,0,3,20,19,15,18,1,0,0,26,4,0,0,0,1,4,9,126,55,0,0,1,2,6,24,51,18,1,7,36,37,19,16,7,4,0,5,29,10,9,11,19,33,11,9,0,0,1,9,90,64,77,21,0,5,37,76,8,0,28,40,4,54,126,38,1,0,9,6,5,22,126,30,103,100,9,4,0,0,0,0,114,126,126,120,37,1,1,0,0,3,126,126,59,5,13,0,0,1,126,69,1,3,31,1
59,177,2,0,0,12,131,72,1,0,0,0,2,15,80,79,16,0,0,0,10,70,100,19,4,0,0,0,0,27,131,5,0,0,0,0,0,2,58,49,11,17,62,3,32,7,39,66,131,58,11,3,131,93,58,8,21,7,5,25,10,16,131,6,0,3,26,7,0,3,37,11,13,11,37,4,52,4,8,31,131,51,8,3,131,47,10,1,21,6,5,32,13,11,62,3,0,3,27,11,0,4,34,14,16,10,17,5,52,8,4,30,131,46,3,3,131,63,8,1,11,4,1,29,10,20,38,0,0,0,10,19
61,31,2,1,1,1,0,0,20,66,2,4,18,9,5,0,0,0,0,1,12,8,28,14,0,0,0,1,12,17,34,18,0,0,0,12,5,0,0,0,0,6,9,20,45,3,0,0,0,0,0,14,31,8,1,0,0,0,0,6,87,178,12,2,0,0,0,2,13,20,0,0,0,1,2,4,40,17,0,0,0,0,1,9,56,81,0,0,0,0,5,14,178,178,0,0,0,0,0,1,18,21,0,0,0,0,0,2,14,17,0,0,0,0,0,1,178,178,0,0,0,0,2,12,178,178,0,0,0,2,56,23
64,155,2,0,28,8,8,16,18,12,2,10,112,10,0,3,29,1,2,35,64,1,0,21,93,1,0,5,82,3,0,2,0,0,0,5,30,6,2,15,26,21,3,9,124,24,0,10,17,0,1,27,75,6,0,37,112,0,0,6,108,10,1,2,4,0,0,5,31,4,1,44,62,0,0,0,124,14,0,7,13,0,0,14,80,16,1,40,124,0,0,5,113,38,23,15,12,0,0,5,14,4,11,65,73,2,0,0,124,28,21,7,7,0,0,9,89,106,34,35,73,1,0,3,116,124,124,109,3,0,0,0
64,173,2,1,34,2,0,0,18,10,1,16,140,51,0,0,0,0,0,19,103,25,0,0,35,20,8,8,62,9,0,0,12,13,15,18,51,6,0,0,11,8,1,10,140,57,0,0,1,0,10,46,88,18,0,2,52,19,39,20,65,12,0,0,13,20,15,15,32,31,8,1,4,2,0,10,100,44,39,8,0,0,75,132,12,2,36,20,6,15,140,76,10,0,13,7,1,16,140,75,58,45,3,0,0,1,1,13,80,120,75,31,8,1,3,2,5,15,133,79,18,2,20,4,3,12,116,64,3,1,43,9
64,173,2,0,3,11,19,17,2,4,7,2,1,17,33,12,1,2,10,4,0,39,63,0,0,0,12,1,20,40,61,3,0,0,5,3,2,13,129,97,34,2,0,0,84,141,106,35,16,1,0,5,14,93,141,0,0,1,4,2,4,50,141,2,0,0,8,1,5,0,27,41,134,51,22,1,141,32,8,11,65,14,3,64,63,27,67,0,0,14,46,28,4,12,65,0,0,2,58,7,3,1,15,32,107,25,8,1,141,14,1,9,66,10,0,40,80,30,42,0,0,1,13,35,1,15,57,0,0,0,14,8
66,75,2,0,26,0,0,0,0,28,14,20,70,0,0,0,13,3,3,49,19,9,2,9,78,4,0,4,28,30,8,1,2,0,0,0,34,0,0,0,0,0,4,32,127,1,1,2,4,0,0,31,55,80,34,25,23,0,0,3,49,127,96,60,3,0,0,0,25,28,23,1,0,0,0,10,127,41,3,0,0,0,0,10,127,40,16,5,0,0,0,15,127,83,59,73,8,0,0,10,1,50,127,2,0,0,0,0,39,127,127,0,0,0,0,0,91,90,127,13,0,1,1,4,127,77,44,4,0,0,3,12
72,155,2,0,23,2,1,3,5,2,0,4,56,4,0,9,13,0,0,9,33,0,0,14,34,0,0,7,30,1,0,1,1,0,0,5,20,0,0,23,12,0,0,3,89,3,0,7,9,0,0,14,42,27,2,30,47,0,0,3,41,58,62,28,1,0,0,2,8,8,25,38,33,1,0,0,70,46,60,3,4,0,0,13,79,116,95,15,20,0,0,3,131,131,123,58,0,0,0,0,0,59,131,19,9,12,31,0,3,126,131,0,0,22,90,0,11,113,131,0,0,40,124,6,53,75,31,4,2,23,80,59
105,74,2,0,17,8,6,4,7,14,3,14,81,29,6,5,5,0,0,36,94,23,7,28,39,0,0,1,146,62,0,0,0,0,0,0,43,2,0,0,1,27,25,20,146,19,0,2,8,2,0,22,146,24,1,10,59,7,0,1,146,66,0,0,0,0,0,0,74,11,0,0,0,1,10,43,146,6,0,0,6,11,3,66,146,13,0,0,31,36,5,17,146,37,0,0,0,0,0,0,36,42,7,0,0,0,0,14,81,34,3,0,5,3,2,31,146,10,0,1,14,12,2,8,146,13,0,0,0,0,0,2
110,238,2,0,0,0,1,7,77,19,0,0,41,3,7,8,30,3,0,15,164,10,0,0,10,12,1,28,164,7,0,0,30,54,3,37,0,0,0,16,87,9,0,0,61,2,1,20,43,5,1,1,164,8,0,0,25,29,3,14,164,16,0,1,54,48,2,10,0,0,0,14,69,9,1,0,48,9,3,39,31,2,2,2,164,14,1,4,9,38,9,25,164,23,0,0,13,33,4,10,0,2,1,10,58,9,1,1,24,6,2,7,19,5,2,7,114,21,0,1,5,5,1,18,164,47,0,1,2,1,0,1
119,245,2,2,38,12,2,32,134,4,0,7,65,30,10,2,4,3,0,8,107,68,27,3,1,1,0,11,130,86,6,0,0,0,0,5,32,13,6,50,134,5,0,2,61,12,3,6,8,28,14,19,134,12,0,0,0,5,3,53,134,8,0,0,0,0,0,49,15,6,3,16,134,20,2,20,42,14,12,15,6,7,3,39,134,48,4,2,0,0,0,19,128,23,0,0,0,0,0,21,15,6,3,15,134,23,4,17,79,3,1,0,6,3,2,64,134,13,0,0,0,0,0,28,112,15,0,0,0,0,0,16
119,212,2,1,41,30,3,3,12,72,130,71,23,11,9,17,85,138,48,11,138,23,5,3,9,21,6,23,46,8,0,1,30,10,1,4,0,0,1,2,2,14,138,33,20,9,11,11,10,25,138,54,138,25,5,1,0,0,22,129,71,12,0,1,51,14,0,16,0,1,9,16,7,2,15,1,62,35,11,8,3,2,27,14,138,76,0,0,0,0,3,32,98,9,0,0,70,25,0,6,1,1,5,5,8,0,0,1,81,34,7,2,3,0,0,0,138,45,0,0,1,0,0,3,57,11,0,0,77,20,0,0
122,23,2,0,5,0,0,12,175,4,0,3,49,0,0,0,1,1,0,9,8,0,0,5,4,0,0,0,3,1,2,3,2,1,0,0,9,0,0,14,175,3,0,1,83,2,0,0,3,1,0,6,15,2,0,5,9,0,0,0,3,0,0,1,10,6,1,1,8,0,0,13,175,5,0,2,83,40,11,0,4,1,0,8,14,24,98,11,5,0,0,1,2,2,62,31,8,1,0,0,15,1,0,16,175,4,0,2,175,117,26,0,4,1,0,7,35,72,175,34,9,0,0,2,1,0,82,67,88,7,0,1
127,181,2,1,16,106,42,11,8,20,5,0,10,56,1,0,11,119,19,1,2,19,34,22,23,58,1,2,50,10,37,32,2,1,1,20,22,19,21,17,61,61,60,17,33,11,21,55,31,52,31,18,119,119,79,22,0,2,2,22,30,35,119,119,0,0,2,9,19,1,1,6,4,51,69,113,36,9,36,66,2,0,7,119,119,51,20,21,0,0,6,109,47,23,23,52,12,12,18,57,25,1,0,2,3,5,6,27,31,1,0,1,0,0,23,119,91,38,3,2,0,0,7,119,33,20,2,1,8,16,34,49
132,185,2,1,9,90,3,0,5,79,9,0,1,14,17,15,26,93,3,3,67,23,21,18,3,6,2,27,91,67,36,7,2,1,0,27,15,10,12,33,31,60,29,12,109,107,80,30,2,8,4,16,65,39,113,113,1,0,1,15,103,21,30,31,9,18,26,74,27,5,20,43,3,1,10,106,113,54,22,24,0,0,6,95,47,26,38,85,27,19,17,52,22,15,29,51,82,27,8,25,26,2,0,1,0,0,15,91,79,30,2,1,0,0,9,113,35,23,7,3,13,20,35,66,24,85,95,15,27,19,8,13
132,185,2,0,20,16,29,30,31,50,22,20,41,50,34,15,36,50,16,12,28,50,83,13,6,10,16,65,4,2,5,9,67,67,21,19,31,2,0,0,7,115,111,38,115,46,3,2,11,52,34,44,39,17,15,13,47,96,74,15,0,0,1,7,87,115,52,6,31,11,26,16,9,27,11,8,115,12,5,2,4,32,91,110,44,8,0,0,23,115,115,28,13,4,0,0,79,109,22,7,2,3,80,46,0,0,33,33,3,4,65,68,6,6,26,15,51,34,30,32,30,25,11,5,8,2,4,16,60,74,4,0
132,202,2,0,2,48,24,6,5,3,4,2,4,119,69,0,0,0,1,1,9,119,94,10,1,0,0,2,6,38,79,63,8,4,1,2,23,43,48,44,23,11,11,7,119,119,59,20,13,4,7,22,25,46,59,61,119,25,18,35,12,14,15,11,14,55,54,59,26,7,9,119,44,3,2,5,119,25,6,25,20,14,51,119,37,24,58,61,119,56,50,50,14,28,59,39,34,16,32,29,7,1,4,68,26,0,2,8,55,34,21,66,13,0,12,32,71,40,29,21,23,36,37,35,7,14,26,29,59,27,5,8
132,202,2,0,58,23,4,10,10,13,27,28,29,38,37,31,61,39,32,26,13,0,11,34,60,42,18,58,29,0,2,7,7,1,4,67,31,19,37,34,13,27,54,34,118,61,48,49,33,23,56,61,21,15,48,118,118,31,6,23,53,2,2,5,25,8,7,118,13,46,49,58,14,14,17,15,118,27,16,33,26,49,63,59,13,4,8,20,118,118,60,19,29,12,11,6,23,34,46,52,9,2,1,2,5,39,81,63,0,0,0,1,7,115,107,8,0,0,1,1,4,118,76,0,7,3,3,2,1,44,31,10
135,197,2,0,5,8,11,19,11,53,39,2,70,39,8,6,5,19,29,28,18,39,39,34,63,33,18,13,8,0,4,17,44,27,17,48,23,20,15,25,31,40,83,34,54,10,22,24,18,29,78,60,115,48,46,42,40,31,70,60,12,10,46,109,115,16,4,17,31,115,24,0,1,10,55,29,24,63,82,86,11,13,14,7,115,36,23,37,23,27,40,62,13,5,8,29,115,88,32,17,36,53,6,0,1,17,77,68,8,7,3,10,12,41,68,65,5,2,1,6,13,98,76,14,0,0,0,1,10,115,60,2
138,185,2,0,14,13,13,7,71,55,4,6,11,17,55,54,37,25,11,20,10,38,31,12,32,63,34,25,28,38,54,5,2,8,22,121,29,5,1,0,22,96,70,64,35,8,9,17,34,123,114,50,123,67,18,5,24,52,23,22,31,32,51,17,21,22,25,6,7,0,2,2,22,80,73,30,72,7,0,0,8,108,74,24,123,26,0,1,5,30,59,104,23,5,0,3,42,123,91,19,4,2,64,56,14,10,11,8,18,16,69,33,6,7,1,7,27,5,19,14,4,21,62,62,43,9,1,3,8,59,60,12
139,73,2,0,37,26,4,0,0,0,1,3,93,28,2,4,5,0,0,0,153,8,1,16,25,0,0,1,153,8,0,0,0,0,0,5,53,21,1,0,0,0,0,6,149,21,0,4,12,0,0,5,153,8,0,16,61,0,0,8,153,1,0,0,0,0,0,22,15,30,29,0,0,0,0,1,139,18,6,0,13,2,0,8,153,3,0,4,65,5,0,5,153,4,0,0,0,0,0,22,1,25,31,1,0,0,0,0,54,19,15,1,7,1,0,1,129,2,0,5,39,4,0,4,153,0,0,0,0,0,0,37
141,100,2,0,0,1,63,123,34,0,0,1,25,0,17,106,46,1,6,31,83,16,15,3,3,1,8,33,10,36,48,4,0,2,12,4,0,0,21,74,123,37,5,0,23,1,1,63,123,9,0,8,123,27,6,4,20,3,0,26,53,82,42,8,0,0,0,1,0,0,0,15,40,106,94,40,13,16,14,43,123,58,29,8,123,59,20,8,13,0,0,22,123,54,4,0,0,0,0,28,0,2,3,6,12,45,63,23,74,44,8,1,5,35,44,22,70,122,36,0,0,0,0,8,100,80,11,0,0,0,0,5
141,100,2,0,0,0,0,4,109,78,7,0,0,0,0,4,56,117,54,0,2,16,30,15,81,73,15,1,8,31,55,18,4,7,9,6,0,0,0,10,120,81,11,1,12,0,0,10,122,73,21,6,122,63,32,8,15,20,18,25,23,79,109,62,0,0,0,7,0,0,0,0,40,72,55,15,27,6,0,10,122,44,6,2,122,25,0,3,18,2,1,37,122,68,17,3,0,0,10,46,0,1,20,9,8,20,39,7,7,1,6,32,89,14,8,8,70,5,2,17,16,0,8,122,51,3,0,0,0,0,57,109
145,115,2,0,0,0,0,0,0,139,113,32,21,0,0,0,0,10,45,139,33,1,2,1,0,1,16,123,7,1,4,18,49,37,7,14,5,3,0,0,5,50,28,15,64,8,4,1,0,0,18,139,139,35,10,4,0,1,2,120,20,18,37,78,25,17,3,4,12,63,26,10,11,5,2,2,72,88,62,6,0,0,0,5,139,100,8,2,0,0,0,28,57,15,34,87,5,1,6,29,41,27,11,3,2,3,3,33,52,58,32,3,0,0,3,31,110,46,1,0,0,2,32,64,11,0,0,3,3,3,67,104
149,106,2,0,0,2,17,39,42,18,3,0,1,1,4,62,47,7,3,2,45,15,3,14,11,1,0,29,47,9,0,0,0,0,0,39,0,0,0,6,101,86,25,3,3,1,1,7,23,66,47,9,59,31,2,3,6,12,6,22,48,58,1,0,0,0,0,13,0,0,2,79,114,23,5,1,4,22,17,22,9,17,9,2,56,114,33,0,0,2,1,16,32,147,56,0,0,1,1,20,0,2,13,134,24,0,0,0,0,134,103,57,4,0,0,0,0,147,138,0,0,15,5,0,0,147,101,0,0,119,48,0
149,106,2,0,17,0,0,0,179,69,11,0,0,0,0,0,31,59,111,3,14,5,0,0,0,8,94,101,29,5,3,0,0,2,28,163,17,1,0,9,179,38,0,0,5,1,3,20,89,20,6,4,61,38,3,1,1,2,5,23,54,23,1,0,0,4,21,66,10,2,12,27,179,41,0,0,2,3,44,79,43,3,0,0,34,10,18,22,13,3,16,25,5,3,1,1,1,7,74,32,3,1,6,41,179,0,0,0,0,0,18,56,43,0,0,0,0,0,49,42,18,1,3,0,0,0,45,27,2,1,15,6
151,81,2,0,10,2,0,1,0,0,71,65,13,3,9,5,0,0,58,66,22,8,16,28,2,1,22,31,52,126,36,19,2,0,13,24,67,9,0,0,0,0,3,20,75,26,0,0,0,0,3,23,116,36,1,0,0,0,1,14,126,126,5,0,12,12,0,1,68,7,0,0,0,0,0,24,68,2,0,0,0,0,0,57,126,73,0,0,0,0,0,31,126,126,0,0,65,62,0,0,16,0,0,0,0,0,16,64,29,2,0,0,0,0,5,86,126,113,0,0,2,1,0,24,97,64,0,0,126,106,0,0
157,152,2,1,15,18,28,21,27,15,5,13,90,54,20,28,36,10,10,15,32,8,26,52,113,15,9,2,11,36,72,17,10,1,18,2,26,2,6,3,93,41,10,14,127,17,6,5,60,31,22,51,33,6,10,14,127,81,45,6,2,3,18,3,10,18,125,44,48,7,1,5,127,4,0,0,127,49,4,6,102,9,0,16,34,4,16,37,127,35,7,8,3,3,65,17,16,5,25,20,39,11,1,6,80,5,0,0,103,82,5,9,63,7,0,1,5,6,5,10,127,75,27,1,4,0,20,4,8,13,97,18
157,152,2,0,20,20,94,7,2,1,13,3,127,53,16,1,11,9,4,13,58,2,0,5,114,73,5,13,75,1,0,1,44,5,1,10,17,6,34,13,2,5,74,16,127,21,7,12,39,5,16,47,106,4,0,33,127,36,4,11,127,1,0,3,52,2,1,15,11,18,126,38,2,3,11,2,127,72,44,6,30,4,10,17,60,27,22,64,127,12,7,7,85,42,11,16,18,4,8,8,3,2,30,1,11,39,68,9,99,15,12,3,20,7,37,64,40,7,7,16,111,46,16,26,37,12,4,14,15,19,21,27
161,209,2,0,73,1,0,1,33,14,4,12,54,0,0,4,140,17,0,6,140,0,0,0,9,0,0,22,129,4,1,4,1,1,2,12,69,4,0,2,36,22,1,10,52,5,3,17,140,32,0,7,140,11,2,2,10,1,0,52,106,0,0,0,0,4,40,67,31,44,37,22,17,2,0,1,12,25,140,75,39,2,0,0,140,78,69,11,2,1,5,26,25,1,0,0,0,6,84,50,11,59,34,1,0,1,37,5,0,11,116,7,1,12,72,0,2,9,48,16,23,72,46,1,0,0,0,0,5,56,96,7
173,152,2,2,56,1,0,0,105,3,0,0,143,22,5,6,97,1,0,1,31,5,5,29,143,13,0,0,10,6,1,2,19,4,0,1,62,4,0,3,130,1,0,2,143,1,0,1,134,1,0,2,47,3,0,2,143,9,0,1,29,43,5,1,26,2,0,1,38,13,12,20,90,5,2,24,143,38,10,22,97,3,0,5,40,10,24,55,143,4,0,2,36,58,46,10,12,0,1,0,7,11,19,14,27,30,9,10,76,27,12,14,23,19,18,38,14,4,23,32,69,44,34,4,0,14,40,4,1,7,83,15
173,152,2,0,1,6,81,16,0,14,42,4,68,44,36,4,13,5,24,32,24,19,18,37,78,27,12,14,29,31,10,10,7,11,18,14,12,0,0,0,36,58,46,10,143,5,0,1,40,10,24,53,96,4,0,3,143,41,10,21,89,6,2,23,38,14,12,20,27,2,0,1,28,43,5,1,143,14,0,0,49,3,0,1,134,3,0,0,143,3,0,0,130,2,0,2,62,5,0,2,21,4,0,1,10,6,1,2,143,15,0,0,34,6,6,28,98,2,0,0,143,24,5,5,101,4,0,0,57,2,0,0
173,166,2,0,21,13,0,1,0,0,0,10,28,27,0,0,0,0,0,4,7,91,15,0,0,0,0,0,12,42,51,17,0,0,0,16,22,0,0,46,23,3,5,29,111,79,3,0,0,0,0,25,25,125,19,1,0,0,0,3,15,67,25,10,0,0,0,0,21,1,2,131,63,1,0,10,131,27,3,25,2,0,0,81,61,120,5,0,0,3,2,31,5,108,10,0,0,33,16,0,11,0,16,131,48,0,0,65,47,131,88,116,8,10,1,12,33,131,5,0,0,112,40,4,0,11,1,0,0,98,110,3
183,18,2,0,0,0,0,0,11,5,0,0,3,0,0,0,1,1,0,0,109,5,0,0,0,0,0,4,202,21,0,0,0,0,0,1,0,0,0,4,13,6,0,0,4,1,0,1,0,2,5,5,154,4,0,1,0,0,2,5,202,23,0,0,0,0,0,1,0,0,0,1,18,13,1,0,2,1,0,3,5,8,15,14,173,16,0,0,0,0,5,13,202,36,0,0,0,0,0,0,0,0,1,6,12,3,0,0,3,9,9,9,2,0,0,1,154,34,1,0,0,0,0,1,202,30,0,0,0,0,0,0
185,176,2,0,3,0,0,0,1,1,143,130,2,0,0,0,0,0,143,143,0,0,0,0,0,4,143,143,0,0,0,0,0,6,143,95,3,0,0,0,5,12,15,12,54,3,0,0,0,0,35,60,17,5,0,0,0,0,126,91,13,35,7,0,0,0,143,104,14,1,0,0,6,15,2,2,92,5,0,0,0,0,0,6,44,14,1,1,0,0,0,6,96,76,11,0,0,0,0,3,16,0,0,0,6,6,1,4,49,1,0,0,0,0,2,24,56,8,0,0,0,0,2,26,103,31,0,0,0,0,0,7
186,151,2,0,7,5,0,1,13,25,4,0,122,63,0,0,7,4,0,0,78,23,0,0,122,46,0,0,111,28,0,0,43,12,0,0,25,8,0,0,6,6,4,4,122,62,0,0,20,11,6,29,80,22,0,0,122,83,5,4,122,39,0,0,39,11,0,0,12,8,1,5,8,3,5,14,86,38,16,9,11,29,37,116,97,26,5,13,69,122,33,20,119,35,0,0,45,16,0,0,35,37,1,4,6,0,5,3,69,122,41,36,50,7,1,3,99,36,12,49,89,13,1,0,71,20,0,0,54,16,0,0
186,151,2,0,36,0,0,29,121,0,0,21,76,1,1,10,65,45,35,108,2,0,4,16,106,70,10,8,3,1,0,0,1,2,3,11,33,2,0,42,123,0,0,10,95,84,37,41,64,11,15,39,11,20,53,123,65,16,4,3,4,8,6,15,11,0,0,2,47,0,0,28,119,0,0,11,123,20,5,28,86,0,0,46,55,5,5,78,123,1,0,14,11,2,0,11,61,4,1,4,50,0,0,19,66,0,0,10,123,0,0,25,87,0,0,42,78,0,0,43,123,0,0,22,19,12,0,20,73,0,0,1
187,73,2,0,43,25,5,1,7,8,3,5,116,36,1,0,0,0,0,10,109,9,0,0,40,26,3,8,149,30,0,0,11,5,0,0,10,71,63,3,1,1,5,3,45,102,16,0,3,2,7,19,110,26,0,0,53,29,2,5,149,43,0,0,5,3,0,0,3,11,9,0,0,26,89,15,62,16,1,0,3,17,52,84,146,22,0,5,48,21,3,18,149,47,0,0,1,0,0,0,17,30,1,0,0,14,34,5,117,67,2,1,5,3,7,9,149,26,0,8,44,4,0,2,149,30,0,0,0,0,0,2
189,81,2,0,109,2,4,11,0,0,0,39,103,3,0,11,25,10,6,74,15,2,3,54,61,18,8,31,30,9,0,2,8,13,85,112,52,9,29,64,3,0,0,24,112,33,4,7,5,0,1,69,23,11,6,73,112,14,3,5,2,1,33,39,45,16,50,32,11,10,112,112,6,0,0,2,112,86,85,27,1,0,0,30,34,32,27,112,62,0,0,6,0,10,98,90,17,0,0,0,0,3,107,50,1,7,49,10,8,54,92,26,0,5,39,21,5,23,43,61,5,0,36,26,2,8,112,41,1,0,13,15
191,154,2,0,55,1,1,4,3,0,0,86,73,0,0,55,30,6,12,122,20,0,0,114,122,23,12,59,56,0,0,14,17,1,1,122,10,0,0,6,7,5,2,22,27,1,0,2,5,15,100,122,40,41,41,42,74,57,77,42,61,9,43,77,18,1,0,119,0,2,4,3,5,11,0,0,36,4,10,17,3,3,13,12,122,56,27,26,2,0,5,97,35,11,27,122,65,0,0,55,0,6,5,0,0,1,0,0,5,2,5,9,2,19,4,2,55,0,0,1,1,15,21,122,46,0,0,68,32,0,1,122
191,154,2,0,0,0,1,3,1,0,6,4,3,2,0,0,1,5,12,6,20,116,5,0,1,3,0,1,18,121,1,0,4,30,0,0,0,0,2,5,11,2,1,2,27,12,12,1,14,8,5,7,121,110,6,0,0,10,20,46,25,71,0,0,19,121,28,13,19,37,4,0,4,2,11,27,17,121,116,15,12,5,0,1,38,37,72,48,77,37,44,38,24,121,0,0,10,81,57,12,63,121,0,0,0,2,1,9,35,121,15,5,24,121,0,0,9,94,9,14,93,121,0,0,19,121,1,0,7,21,0,0
196,151,2,1,50,17,0,0,66,18,0,0,126,41,0,0,89,24,0,0,76,19,0,2,126,46,0,0,3,2,6,5,94,19,0,2,43,14,0,0,112,31,0,0,126,51,0,0,89,30,4,19,52,15,0,9,126,74,5,5,2,2,38,20,59,9,0,1,27,11,0,0,126,42,0,2,99,32,12,9,60,44,37,86,13,2,4,19,67,126,40,19,10,1,3,1,8,13,2,8,28,19,0,1,115,32,0,0,68,105,38,38,48,8,1,2,2,4,15,83,92,14,2,1,3,4,6,3,2,0,0,3
196,151,2,0,42,0,0,0,1,2,6,47,48,2,1,8,52,41,50,99,98,0,1,14,75,42,9,36,68,0,0,14,54,0,0,21,12,8,2,13,4,2,5,13,98,103,33,32,10,9,22,35,96,20,34,121,65,10,3,25,114,0,0,13,44,0,0,34,20,4,1,8,2,10,14,8,121,30,4,11,18,1,4,81,80,6,3,85,121,0,0,28,121,0,0,12,47,0,0,40,4,0,3,3,1,16,29,8,121,0,0,1,4,1,7,99,88,0,0,53,121,0,0,30,105,0,0,16,50,0,0,32
197,72,2,0,4,36,8,0,0,19,36,10,23,11,0,1,14,11,26,64,148,0,0,5,37,7,1,23,148,0,0,0,0,0,0,26,16,10,0,0,0,40,69,9,148,32,0,5,6,8,15,36,148,9,0,22,43,0,0,25,148,0,0,0,0,0,0,47,46,40,0,0,0,6,8,9,133,32,0,0,6,2,4,54,138,2,0,2,59,14,3,38,148,5,0,0,1,0,0,48,15,4,0,0,0,0,18,32,61,0,0,0,0,1,13,80,115,0,0,1,14,9,3,31,148,2,0,0,0,0,0,23
206,178,2,1,0,5,50,9,1,3,2,3,28,11,51,10,2,2,0,0,151,46,6,1,0,0,0,0,57,7,0,0,0,0,0,1,7,27,58,12,1,0,29,20,35,19,54,45,21,19,8,7,151,38,9,3,1,4,14,38,45,4,0,0,0,3,58,17,5,61,68,9,0,0,10,8,17,33,63,90,13,4,9,4,140,151,112,9,0,1,19,46,10,38,151,19,0,7,82,17,1,2,2,0,0,0,15,12,32,9,3,2,0,2,12,10,151,121,32,0,0,0,1,2,59,45,151,10,0,0,2,2
213,229,2,0,6,22,20,49,37,1,0,0,22,37,10,34,37,30,18,6,137,3,5,14,21,9,5,38,137,2,5,7,13,1,0,61,8,5,15,39,64,36,7,7,15,6,7,32,137,80,49,15,137,19,4,6,12,18,23,64,137,10,3,7,7,0,0,70,14,34,22,10,48,34,5,6,14,18,43,84,131,18,1,3,137,64,58,17,5,1,5,43,137,8,3,3,3,3,23,115,2,11,12,3,35,52,3,1,17,31,21,6,31,28,4,3,14,28,33,2,2,2,21,22,107,13,5,13,9,3,20,54
220,92,2,0,25,3,0,6,27,30,42,19,68,46,0,0,9,34,24,17,112,117,0,0,0,0,0,11,68,40,0,1,12,38,23,29,4,1,1,26,34,26,27,14,100,24,1,1,0,1,12,117,117,40,0,0,4,7,3,117,27,3,0,1,70,117,28,15,2,1,3,28,61,13,1,1,117,61,4,3,3,2,1,25,117,57,5,5,6,38,40,39,11,11,19,17,75,96,23,5,11,23,42,14,19,4,2,2,67,117,57,6,1,1,2,9,32,71,116,54,3,9,18,11,3,102,115,23,1,6,7,2
223,100,2,0,11,0,1,2,8,31,47,42,47,0,0,0,0,0,104,127,45,7,8,10,44,48,23,113,44,77,28,9,23,20,3,3,1,2,37,67,14,4,4,3,68,12,9,13,8,2,7,72,127,81,41,2,3,11,12,87,68,127,65,1,2,9,14,22,0,0,12,67,56,40,5,3,47,78,27,32,9,3,3,16,127,82,6,0,0,19,56,73,127,20,2,0,0,11,56,83,0,1,36,79,18,20,9,5,36,13,37,19,0,5,14,39,33,13,19,5,9,39,28,49,127,26,5,0,1,4,9,71
228,249,2,0,0,0,0,0,0,0,0,0,16,5,0,4,41,8,1,5,129,97,0,0,7,2,1,12,98,68,27,20,14,38,20,4,0,0,5,4,13,5,0,0,46,12,11,13,124,32,2,12,129,84,3,1,9,5,10,60,76,35,30,13,5,60,87,25,0,1,1,1,54,57,2,0,38,104,34,8,83,48,1,3,129,129,35,1,2,2,12,38,18,32,80,20,11,53,52,15,14,2,0,11,51,127,38,28,129,62,5,6,8,15,17,54,91,68,11,15,5,1,3,47,29,25,26,6,35,53,6,20
235,207,2,0,0,0,0,69,118,0,0,0,134,2,0,42,68,0,0,20,145,19,0,3,4,0,0,27,68,3,0,5,10,0,0,21,0,0,4,100,75,0,0,0,105,13,21,145,73,0,0,12,145,22,9,9,5,0,0,59,69,1,0,15,20,1,0,19,0,13,43,42,3,0,0,0,15,39,145,145,4,0,0,0,145,109,79,9,0,2,7,22,36,2,0,2,8,6,20,27,0,18,37,0,0,6,25,0,0,11,48,2,0,16,40,0,2,11,19,0,0,33,46,3,2,0,0,0,0,5,45,26
237,225,2,0,6,11,5,6,19,8,15,8,16,16,5,2,1,10,36,18,136,12,1,1,1,0,6,132,65,0,3,77,136,10,0,93,2,16,13,31,34,2,1,1,25,33,24,19,12,1,1,7,136,53,5,1,1,0,0,75,136,28,13,35,18,0,0,136,23,10,3,12,21,3,1,6,41,29,45,30,12,2,0,2,126,31,19,9,7,3,2,47,136,134,4,0,0,0,0,50,22,8,3,9,3,0,0,4,47,20,6,18,13,3,0,7,43,2,7,42,14,5,2,50,136,78,2,1,0,0,0,98
239,188,2,0,24,5,7,43,12,0,0,14,65,59,4,0,0,0,14,37,125,54,6,0,0,0,1,7,92,26,7,0,0,0,0,1,15,17,9,89,63,1,0,4,125,125,30,7,2,0,1,20,59,117,59,26,26,3,1,5,125,3,0,1,3,0,0,1,14,2,1,19,125,11,0,10,125,20,2,2,11,6,11,125,61,9,2,7,34,19,31,85,125,4,0,0,4,0,0,0,5,1,0,10,124,0,0,0,125,36,0,1,13,0,0,36,104,46,1,1,1,0,3,24,109,2,0,0,0,0,0,0
252,57,2,0,135,45,0,0,0,1,8,18,20,15,0,0,2,9,47,78,22,6,0,0,0,0,8,97,0,0,0,0,0,0,0,0,149,25,11,7,1,1,10,105,35,11,17,62,26,10,12,25,133,6,2,5,1,0,2,45,0,0,0,0,0,0,0,0,187,17,8,6,1,1,16,180,51,17,18,98,55,1,0,3,114,15,3,16,11,0,0,14,1,0,0,0,0,0,0,0,187,0,0,0,1,1,0,119,50,0,0,3,78,26,1,17,31,0,0,1,20,9,2,36,1,0,0,0,0,0,0,1
6,49,3,1,64,10,0,0,0,0,0,24,211,14,0,0,0,0,0,26,167,1,0,0,1,33,35,49,0,0,0,0,20,66,28,0,94,4,0,0,0,0,0,43,211,37,0,0,0,0,0,22,164,14,0,0,25,37,20,21,1,0,0,0,15,105,26,1,47,3,0,0,0,0,0,3,211,10,0,0,0,0,1,28,63,2,0,0,26,32,11,29,2,0,0,0,30,130,7,4,0,0,0,0,0,0,0,0,0,0,0,0,0,0,0,0,0,0,0,0,0,0,0,0,0,0,0,0,1,5,0,0
7,97,3,0,8,0,0,0,0,0,0,1,175,67,0,0,0,0,0,35,59,89,49,0,0,2,22,26,6,25,45,5,6,4,20,10,11,0,0,0,0,0,0,0,175,28,1,0,0,0,1,23,113,29,14,5,7,34,20,22,7,1,3,1,11,65,66,30,8,0,0,0,0,0,0,0,175,37,1,1,1,1,3,26,89,15,3,15,48,112,24,21,2,0,0,13,41,128,87,14,5,0,0,0,0,0,0,0,175,18,1,2,4,5,4,55,53,8,1,27,77,79,11,17,0,0,0,32,87,70,11,0
10,75,2,1,15,2,0,0,12,10,1,0,180,66,0,0,3,1,0,0,148,30,0,0,18,24,6,4,19,4,6,1,5,9,7,14,41,3,0,0,2,23,4,2,180,68,0,0,2,2,1,8,141,21,0,1,74,27,5,10,65,7,0,0,12,9,3,18,53,0,0,0,4,32,5,14,180,7,0,0,0,6,23,112,63,1,0,0,15,78,119,65,20,0,0,0,3,10,72,105,10,0,0,0,1,6,0,4,68,0,0,0,0,1,14,48,4,0,0,0,0,16,91,23,0,0,0,0,0,1,114,48
15,34,3,1,4,7,7,5,39,13,0,0,87,26,3,1,0,0,0,7,83,4,0,0,0,0,2,46,185,55,0,0,0,0,0,26,12,5,2,0,8,7,3,3,90,30,0,0,0,0,0,7,106,33,0,0,0,0,0,18,185,75,0,0,0,0,1,15,23,5,0,0,1,1,2,10,73,6,0,0,0,0,0,35,151,20,0,0,0,0,0,40,185,68,0,0,0,0,1,11,11,0,0,1,1,0,0,6,35,7,0,0,0,0,0,9,169,27,0,0,0,0,0,9,185,63,0,0,2,1,0,8
18,103,3,0,14,7,0,0,4,42,110,15,93,11,21,15,1,8,42,60,19,5,46,129,16,3,17,32,0,1,34,129,6,0,0,0,53,2,0,0,2,46,46,82,91,10,0,0,0,0,72,122,128,14,8,13,3,1,31,81,23,10,45,129,12,5,2,4,83,6,0,0,0,4,7,46,129,93,6,0,0,0,14,52,129,87,30,5,0,0,2,29,33,28,16,11,9,12,2,11,78,10,0,0,0,0,3,37,129,54,2,0,0,0,0,9,83,40,24,6,0,0,3,19,12,22,7,3,20,24,6,9
36,206,3,0,0,0,6,61,88,35,5,0,50,11,4,10,10,8,5,0,157,30,2,2,1,3,1,3,13,5,2,20,26,13,2,1,0,2,21,157,157,1,0,0,55,10,34,54,7,0,0,0,157,11,2,3,8,9,3,22,16,1,0,4,27,29,18,9,2,0,9,57,157,63,22,2,25,8,25,72,20,21,52,10,140,63,16,17,5,8,6,32,5,9,52,32,12,24,22,6,2,0,0,2,157,26,9,1,53,2,0,0,19,9,36,14,157,43,10,11,1,1,3,7,6,13,35,29,11,2,2,0
37,155,2,0,37,5,5,133,79,3,0,0,133,15,2,11,8,0,0,4,64,6,1,14,16,0,0,12,36,10,3,0,0,0,0,11,26,4,1,67,133,97,0,0,133,14,3,14,17,0,0,3,64,7,4,40,47,0,0,15,77,21,1,0,0,0,0,17,16,3,2,93,133,40,0,2,133,9,1,6,12,0,0,22,78,6,1,32,77,0,0,6,106,16,0,1,3,0,0,6,5,0,2,124,133,9,0,2,133,6,1,8,18,0,0,24,77,2,0,22,75,0,0,10,97,1,0,2,10,0,0,13
45,85,3,0,20,0,0,0,0,0,35,119,121,3,0,0,0,0,1,125,62,6,4,0,0,2,14,50,5,7,4,0,12,30,10,15,73,4,0,0,0,0,10,91,125,33,0,0,0,3,9,74,77,13,0,0,0,54,59,47,7,0,0,0,50,125,37,48,103,11,1,0,0,0,6,49,125,21,0,0,0,9,125,96,29,0,0,0,0,43,125,111,0,0,0,0,45,125,47,26,18,2,2,0,0,0,5,29,54,15,0,0,0,2,54,42,70,12,0,0,4,36,30,51,5,10,0,0,6,87,17,4
45,216,2,0,0,0,2,27,64,13,3,0,142,4,1,2,1,0,1,18,163,0,0,2,27,0,0,38,9,0,0,9,59,4,1,1,0,1,8,13,120,4,0,0,140,12,20,4,2,0,0,10,163,6,0,0,31,0,0,31,20,0,0,2,97,8,3,2,3,5,13,12,57,20,6,13,78,35,51,4,0,0,14,37,163,26,3,0,24,1,1,40,25,0,0,3,109,6,0,3,0,0,0,11,77,4,6,9,30,0,0,0,2,2,30,66,163,0,0,0,6,7,19,163,14,0,0,0,40,33,30,29
53,155,2,0,27,2,0,55,127,3,0,3,127,9,0,3,15,0,0,6,59,7,0,10,78,0,0,1,85,16,0,0,1,0,0,1,26,9,4,38,127,23,0,1,127,29,2,5,21,0,0,5,86,4,0,12,123,0,0,3,127,9,0,0,2,0,0,2,15,4,2,24,119,60,2,7,127,16,1,3,15,4,2,42,79,7,0,21,105,1,0,7,127,14,0,1,3,0,0,0,14,4,2,70,123,9,0,1,127,25,0,5,7,0,0,5,71,11,0,26,81,0,0,0,100,19,1,1,5,0,0,0
56,116,3,0,1,1,0,0,1,96,127,1,89,3,0,0,0,20,87,55,127,0,0,0,1,8,33,98,8,0,0,1,10,23,10,8,4,13,4,0,1,17,6,2,96,15,10,0,0,0,0,23,127,25,7,1,0,0,0,46,15,12,28,15,5,3,1,2,1,61,40,7,0,3,0,0,36,76,86,0,0,0,0,1,127,101,23,4,1,0,0,10,31,23,16,29,52,10,2,2,0,55,127,45,0,0,0,0,3,112,127,17,0,0,0,0,127,127,54,22,4,0,0,0,27,32,13,83,97,1,0,0
58,75,2,0,60,0,0,0,0,44,120,61,12,0,0,0,0,48,122,96,2,0,0,0,47,122,37,21,10,8,1,0,33,38,0,0,25,0,0,0,0,18,74,47,122,3,0,0,3,14,25,68,18,8,0,0,59,79,10,17,22,34,3,0,7,10,0,0,60,11,4,0,0,0,1,18,122,34,3,2,5,1,0,2,16,64,81,18,30,8,0,0,3,122,91,7,1,0,0,0,21,47,74,7,0,0,0,0,79,106,23,0,0,0,0,0,101,122,86,12,0,0,0,0,27,122,122,17,0,0,0,0
60,187,2,0,1,3,32,21,16,20,24,3,44,5,10,34,105,17,2,11,133,27,12,1,5,1,4,39,6,16,32,0,0,1,12,4,6,9,11,8,15,6,11,5,44,1,3,38,133,15,1,10,133,27,3,3,16,2,0,49,26,34,28,0,0,0,0,12,8,25,35,12,9,1,2,5,35,7,11,91,133,3,0,1,133,81,7,16,22,0,0,7,37,83,72,0,0,0,0,1,15,16,7,6,5,3,27,9,20,12,7,59,92,25,20,4,133,133,25,12,16,4,24,57,26,133,133,0,0,10,115,17
76,230,3,0,3,1,0,0,0,1,46,24,16,1,1,0,0,2,11,48,91,3,1,22,69,3,5,75,17,0,1,147,147,0,1,9,14,7,9,7,3,1,20,13,94,29,6,0,0,0,3,27,129,37,17,11,16,1,0,15,62,2,5,147,147,0,0,6,15,0,1,6,25,4,0,5,147,5,0,0,0,0,0,29,109,15,4,1,1,0,7,29,61,4,32,147,104,18,39,28,6,0,0,0,17,14,1,4,101,0,0,0,0,1,0,39,65,21,12,0,0,0,10,39,27,31,60,75,56,34,47,21
91,191,3,0,25,6,0,0,0,0,8,6,90,26,0,0,32,21,1,3,57,120,12,2,34,17,0,3,26,46,42,57,67,18,0,0,72,9,0,0,0,0,32,23,117,14,0,0,50,82,8,26,123,57,8,1,12,28,17,88,19,15,61,50,7,15,99,33,108,45,3,3,13,5,2,3,120,33,0,0,123,74,1,5,123,54,0,0,28,29,5,15,12,1,0,0,34,54,56,8,40,63,33,10,39,13,3,10,107,49,0,0,113,46,0,0,123,63,0,0,43,31,0,0,1,0,0,1,34,34,14,1
94,220,3,1,1,5,108,31,0,0,7,4,103,102,67,7,0,0,0,0,111,47,9,1,37,18,0,0,1,4,2,2,47,19,0,0,11,5,73,46,1,0,91,62,111,109,91,10,5,2,22,64,33,46,45,25,111,24,2,3,0,3,3,3,57,15,0,0,13,14,111,94,7,9,66,40,111,53,96,27,7,10,31,65,17,2,3,14,82,54,35,19,0,0,0,2,60,21,0,0,91,5,9,2,5,17,93,102,111,11,22,22,25,19,8,43,0,0,2,14,39,20,4,1,0,0,0,1,49,15,0,0
95,75,3,0,0,12,57,0,0,44,141,1,9,22,35,0,0,15,141,22,70,11,13,0,0,6,113,88,141,5,0,0,0,0,2,63,4,28,53,3,2,12,37,1,37,105,26,2,0,0,20,14,141,36,30,14,0,0,4,16,141,8,0,0,0,0,0,29,11,17,9,1,3,15,12,8,85,14,4,1,1,6,5,53,140,10,5,16,5,0,0,13,141,17,0,0,0,0,0,4,5,0,0,0,2,15,49,17,96,0,0,0,0,4,8,53,110,0,0,1,3,7,6,36,141,1,0,0,0,0,0,20
101,80,2,0,7,30,26,8,10,9,9,6,5,33,105,23,1,2,18,6,22,130,69,7,0,0,20,25,95,56,32,17,0,0,21,30,18,45,9,0,0,8,26,34,44,22,13,5,4,30,28,24,130,63,19,11,4,0,1,25,130,94,15,29,10,0,0,0,5,0,0,1,8,19,90,65,130,11,0,0,0,12,54,54,130,44,0,3,5,3,3,16,130,102,0,5,8,3,1,1,12,21,4,24,19,3,8,12,130,53,0,0,0,0,2,27,130,15,0,0,0,4,12,49,130,77,0,0,0,3,7,6
108,194,2,2,2,1,0,0,0,5,126,38,22,0,0,0,0,1,126,99,8,2,1,0,0,7,126,20,1,1,2,5,2,30,126,2,15,0,0,5,9,8,16,8,126,13,0,0,0,0,6,23,43,18,5,2,0,0,3,6,3,4,7,20,6,1,2,0,11,13,124,3,4,7,3,1,106,55,92,0,0,0,0,14,40,33,82,0,0,0,0,8,1,9,85,5,1,0,0,0,0,5,126,5,0,0,126,3,8,60,126,0,0,0,105,38,5,43,126,0,0,0,64,25,0,10,126,0,0,0,64,5
123,80,3,0,5,4,2,31,22,10,33,9,103,23,1,1,0,1,12,63,128,8,0,0,0,4,11,89,155,0,0,0,0,1,3,67,7,11,21,85,11,0,0,2,99,36,25,13,0,0,0,22,155,19,3,1,0,0,0,34,155,4,1,1,0,0,0,68,4,2,9,19,5,5,26,25,45,30,26,8,0,0,6,14,155,39,3,2,0,0,0,6,155,6,2,3,0,0,0,57,12,12,8,0,0,0,14,16,68,31,4,0,0,0,5,13,147,15,1,2,0,0,0,10,155,5,2,7,3,0,0,43
128,152,3,0,80,27,35,16,15,0,0,4,141,42,13,9,11,27,23,64,50,6,10,20,37,62,25,30,28,0,0,20,134,0,0,10,27,14,31,13,15,22,28,17,141,50,28,14,2,14,23,68,79,30,57,66,21,27,15,18,54,3,1,29,129,0,0,9,35,0,0,14,53,8,6,8,141,16,4,7,8,0,1,42,95,10,7,51,124,0,0,8,50,0,0,26,97,0,0,8,17,1,2,12,46,5,1,2,141,5,1,1,4,1,0,46,95,1,0,14,127,3,0,20,47,0,0,11,66,0,0,7
129,209,3,0,0,0,4,120,85,0,0,0,2,48,34,30,19,2,4,2,5,121,73,0,0,0,1,0,2,110,108,9,0,0,0,1,5,0,23,121,31,0,0,5,30,41,70,121,31,1,1,5,121,121,54,18,14,4,3,25,16,48,49,41,100,24,20,22,19,0,3,46,9,0,0,28,19,3,9,121,49,0,0,3,121,22,9,47,21,9,23,121,37,15,33,65,104,33,27,43,30,0,0,4,2,0,0,42,5,2,9,63,19,1,0,5,47,24,26,78,9,0,2,22,48,18,12,15,18,24,23,27
133,23,2,0,0,0,0,11,234,2,0,0,0,0,6,10,39,0,1,0,0,0,16,5,0,0,8,2,78,12,5,0,0,0,5,13,0,0,0,22,234,2,0,0,10,5,7,2,49,2,0,1,1,3,23,8,0,0,0,0,96,14,7,1,0,0,0,0,0,0,0,27,234,2,0,0,33,1,0,0,56,2,0,5,8,1,2,6,2,0,0,0,84,2,1,1,0,0,0,4,1,0,0,5,234,7,0,0,36,6,1,0,51,0,0,2,9,4,11,6,4,0,0,0,56,3,4,3,2,1,0,3
138,152,3,0,15,3,9,8,28,20,18,8,141,43,17,10,3,4,12,27,62,26,34,51,29,12,9,7,37,3,0,8,121,0,0,2,33,2,0,9,66,4,1,1,141,20,1,5,17,0,0,4,95,9,2,18,141,1,0,2,42,0,0,14,133,0,0,0,26,10,29,21,42,9,2,1,141,34,10,0,16,5,0,13,99,2,0,1,141,26,2,9,45,0,0,4,127,3,0,2,5,10,49,25,4,7,24,4,141,43,17,3,20,7,9,25,80,2,0,7,101,50,5,16,52,0,0,4,98,2,0,10
138,208,2,0,0,0,12,112,46,0,0,0,106,71,31,55,37,2,2,8,112,112,90,31,50,17,4,15,6,17,34,26,55,28,25,36,7,0,1,74,50,1,0,4,99,24,11,112,79,0,0,51,112,48,14,30,73,48,37,112,5,11,30,96,104,44,28,26,27,3,6,26,16,1,0,14,19,23,23,112,43,0,0,7,112,69,20,30,10,17,27,55,11,13,31,59,85,50,19,8,65,7,14,9,0,0,0,24,5,5,30,72,17,0,0,0,9,20,42,21,4,6,16,15,1,29,50,2,5,12,23,4
146,152,3,0,47,1,0,8,36,2,0,1,140,11,0,4,19,0,0,5,61,4,0,14,116,0,0,2,33,0,0,13,100,0,0,1,45,12,26,15,31,7,3,2,140,26,5,0,23,5,0,21,82,1,0,2,140,22,1,9,46,0,0,5,121,1,0,2,13,21,74,24,4,7,27,7,140,54,16,3,30,12,8,31,89,1,0,8,127,68,7,24,68,0,0,6,118,1,1,15,7,8,55,34,1,5,16,5,140,42,20,8,30,1,5,22,72,17,6,40,125,3,0,4,60,14,5,26,42,2,2,4
146,195,3,0,10,55,46,109,56,0,0,0,22,109,78,33,12,1,1,1,59,109,92,26,6,2,0,3,33,72,109,15,3,8,7,14,20,31,12,48,79,65,9,5,58,75,41,22,18,18,37,43,109,27,22,9,13,16,18,27,46,8,21,3,56,44,23,39,13,53,97,109,23,47,26,20,20,88,108,65,24,15,21,22,109,14,16,29,27,11,4,12,52,0,0,1,96,23,1,12,9,15,24,13,8,53,109,64,15,25,16,8,17,30,68,77,47,15,5,6,20,16,9,7,32,5,8,11,52,13,0,2
154,203,3,0,43,65,34,22,23,19,24,29,125,39,30,11,11,15,21,24,68,19,45,3,59,56,32,45,107,24,21,14,3,2,8,79,18,88,104,71,27,21,25,30,125,22,25,40,35,16,8,12,100,1,0,0,125,44,2,19,125,9,0,0,7,2,0,56,21,37,31,8,17,36,79,98,71,31,12,10,31,25,18,12,85,14,19,23,97,31,0,3,125,17,4,0,3,1,9,33,12,52,53,0,0,0,6,7,15,77,46,7,2,0,16,8,12,24,113,39,10,6,24,1,40,21,21,4,2,20,41,23
154,203,3,0,8,46,31,6,16,21,40,5,4,9,28,2,9,42,95,18,0,1,10,7,30,84,27,1,0,8,19,19,13,83,47,0,5,1,14,78,115,19,13,3,100,8,0,15,53,13,31,31,36,26,20,26,65,20,9,17,27,55,101,74,18,42,28,27,3,0,1,99,115,0,0,0,115,11,1,48,83,0,0,13,41,10,5,45,115,9,23,27,14,12,20,22,34,86,94,42,0,0,2,113,72,8,19,5,60,39,29,104,59,15,15,10,25,25,10,48,114,34,33,9,9,13,22,27,59,79,37,17
158,158,3,0,13,16,40,52,33,5,5,0,74,54,91,15,5,3,9,7,125,41,4,1,42,21,2,22,49,0,0,2,79,45,6,21,0,8,41,44,3,26,35,0,50,21,54,24,2,14,59,34,125,26,5,19,77,7,6,57,94,8,2,38,125,17,2,18,0,4,106,61,0,5,10,0,19,37,125,42,1,16,25,7,125,78,33,13,42,4,13,35,37,28,16,54,85,15,7,12,0,0,9,2,2,29,48,0,8,1,12,1,24,89,59,17,125,3,1,2,37,15,29,93,51,0,0,8,116,25,8,24
173,141,3,2,15,0,0,18,29,8,0,1,123,8,0,1,23,1,0,1,82,29,4,5,123,4,0,1,51,33,17,52,92,6,1,2,25,1,0,13,37,21,7,9,123,13,0,1,35,3,0,6,123,5,0,2,123,3,0,1,117,3,0,3,123,10,0,0,12,11,123,9,2,15,14,5,123,56,66,4,17,4,3,21,98,32,13,35,96,8,2,8,81,18,11,37,123,4,1,1,3,1,54,2,0,4,107,15,42,19,36,2,18,9,29,56,56,11,7,11,52,39,13,27,48,5,5,12,72,32,12,12
184,167,2,0,31,11,2,0,2,17,3,5,22,5,0,0,0,11,12,24,38,10,0,0,0,0,32,130,8,12,1,0,0,0,95,130,13,6,0,1,4,18,11,2,65,16,0,0,0,5,1,5,76,39,0,0,0,0,0,6,55,112,12,0,0,0,3,20,8,19,76,53,21,6,14,5,38,6,33,29,1,0,5,34,122,29,0,2,0,0,3,72,113,75,0,0,0,0,0,20,54,75,130,80,13,5,12,59,2,4,130,130,1,0,8,20,55,7,77,124,0,0,2,91,130,35,9,3,1,6,0,79
186,239,3,1,1,0,0,27,125,125,3,0,125,4,0,3,22,76,31,34,84,1,0,0,17,95,29,40,6,2,0,0,15,97,30,9,4,1,0,6,125,125,0,0,125,37,0,3,32,28,3,15,61,13,0,0,76,100,7,11,27,17,1,0,22,23,10,12,7,2,1,31,123,76,2,1,125,4,0,9,36,35,8,34,52,15,0,0,31,125,12,15,33,15,0,1,12,18,9,10,7,2,3,13,103,50,1,4,103,0,0,0,46,47,11,35,58,9,0,0,28,41,10,30,16,6,0,1,11,9,5,11
199,214,2,0,41,29,0,0,0,0,0,0,134,33,0,0,0,0,0,2,134,41,0,0,0,0,0,0,94,27,0,0,0,1,0,0,49,16,0,0,0,0,0,12,134,22,0,0,0,1,4,13,134,24,0,0,0,7,50,84,73,10,1,2,1,1,67,94,62,18,0,0,2,1,1,4,134,29,0,1,19,20,8,9,14,0,3,24,65,106,134,68,2,0,13,12,3,10,134,134,66,24,0,0,0,0,1,1,88,23,0,4,39,3,0,0,1,0,15,78,95,14,5,0,0,0,82,52,4,2,37,9
202,102,3,0,19,5,1,1,15,29,13,8,47,51,28,13,2,0,3,28,52,9,12,30,4,0,15,93,95,44,5,1,0,0,0,34,44,15,12,21,20,2,0,14,120,113,36,44,1,0,0,23,58,41,117,120,5,0,1,25,120,33,49,14,0,0,0,75,30,24,27,19,19,2,0,3,120,67,7,7,1,0,0,120,79,17,97,78,0,0,18,111,12,15,108,63,2,6,18,20,19,30,19,34,14,0,0,0,105,120,1,2,3,10,1,11,34,36,2,1,2,29,62,59,9,25,12,15,4,18,55,39
218,44,3,2,2,0,0,0,0,0,177,70,85,4,4,0,0,0,73,124,35,7,35,7,0,0,0,9,0,0,16,47,56,1,0,0,63,8,0,0,0,0,63,66,177,10,0,0,0,0,14,85,109,6,3,2,1,1,2,6,0,0,1,6,104,6,0,0,100,17,0,0,0,0,0,0,177,23,0,0,0,0,0,3,103,4,2,1,1,5,11,8,0,0,1,5,92,22,3,0,82,15,0,0,0,0,0,0,177,17,0,0,0,0,0,0,74,7,5,1,1,0,1,1,0,0,2,9,81,3,0,0
233,184,3,0,8,0,1,5,8,3,1,9,90,0,0,0,0,0,0,109,119,3,0,0,0,0,0,120,63,50,12,0,0,0,0,26,1,33,72,9,4,0,0,0,65,12,60,42,0,0,1,45,120,79,6,4,0,0,2,90,118,23,4,3,2,1,1,74,0,88,112,13,0,0,0,0,18,14,63,120,26,0,0,5,120,34,8,37,21,3,24,120,79,6,2,3,3,4,24,113,0,9,10,2,0,0,0,0,0,0,3,70,41,0,0,0,55,1,0,88,57,0,3,55,120,1,0,2,0,0,1,72
246,188,2,0,108,31,0,2,0,0,0,22,128,43,1,0,0,0,0,9,86,71,42,0,0,0,0,0,4,17,45,0,0,0,0,0,128,128,10,14,6,0,0,21,120,128,30,9,6,2,2,10,128,13,1,0,0,0,0,3,32,6,2,0,0,0,0,0,128,18,1,4,27,2,3,123,127,14,3,4,6,6,15,92,128,0,0,0,0,0,0,7,36,0,0,0,0,0,0,4,128,29,0,7,30,0,0,12,128,41,0,0,0,0,0,11,128,2,0,0,0,0,0,5,27,3,0,0,0,0,0,1
16,199,3,0,28,1,0,5,58,5,1,19,153,14,0,1,7,3,11,81,46,35,16,0,0,1,7,15,5,10,20,16,22,5,5,7,25,13,6,31,37,2,0,2,153,109,10,8,5,0,8,43,51,95,56,2,0,2,58,23,0,15,38,41,9,18,54,2,6,1,1,4,33,11,3,10,92,11,1,1,12,6,98,153,17,10,3,0,0,7,153,74,7,6,1,3,1,40,153,10,0,0,1,2,24,7,0,0,8,50,14,3,15,4,21,21,13,103,70,10,0,0,44,14,14,151,98,10,0,0,20,5
16,199,3,0,0,0,0,0,0,3,17,1,2,6,8,3,4,17,20,4,0,18,56,8,6,43,33,0,18,117,43,0,0,11,28,3,22,12,3,12,5,8,32,3,103,135,82,6,2,4,13,9,10,86,135,48,5,4,0,1,23,103,123,11,0,0,1,6,33,10,45,108,21,0,0,3,135,51,15,8,1,0,0,88,85,19,36,89,23,2,0,28,4,10,17,49,16,1,1,0,3,2,30,135,88,4,0,0,135,6,12,19,7,1,0,88,102,1,1,9,18,24,5,91,1,2,12,17,26,43,10,0
24,115,3,0,3,78,59,3,0,0,0,0,70,66,34,10,0,0,0,0,29,38,68,119,13,0,0,0,0,0,5,89,37,3,0,0,0,27,110,61,0,0,0,0,75,47,59,28,0,0,0,5,119,41,27,100,37,0,0,35,2,0,2,119,119,1,0,2,0,1,57,119,16,0,0,0,11,45,119,40,1,0,0,1,88,64,43,21,13,1,2,19,10,8,2,119,119,10,3,2,0,1,29,60,19,3,2,1,0,33,80,30,3,20,18,0,9,21,37,12,9,100,38,1,2,2,0,19,53,99,52,0
35,115,3,0,33,12,0,0,0,0,0,53,73,11,9,14,1,0,0,42,8,5,41,68,6,2,0,1,0,0,17,40,13,2,0,0,33,92,5,0,0,0,0,1,104,86,27,2,0,0,0,16,122,58,108,51,0,0,0,21,11,10,89,122,7,0,0,6,6,122,118,6,0,0,0,0,15,83,112,15,0,0,0,0,122,44,40,6,0,0,0,73,56,11,15,122,11,0,0,68,0,33,122,27,0,0,0,0,0,11,122,81,1,0,0,0,12,86,84,15,0,0,0,3,50,36,32,9,7,17,2,8
40,230,3,0,8,3,3,7,7,3,7,10,1,4,17,87,26,0,0,0,1,11,70,150,75,1,0,0,6,1,10,124,63,5,0,0,29,4,3,5,2,0,3,34,34,15,11,21,10,0,0,6,83,39,50,137,103,0,0,5,1,1,15,150,150,13,2,0,28,17,8,14,4,0,0,5,40,15,7,7,0,0,0,3,129,8,2,29,117,0,0,15,6,0,0,82,150,17,4,1,10,11,5,4,3,1,0,2,25,16,2,0,0,0,0,5,76,6,1,14,44,0,0,20,10,0,0,103,150,0,0,4
79,239,4,0,0,0,1,16,6,10,21,3,9,5,3,10,4,5,59,53,67,12,0,0,0,0,15,86,87,10,0,44,143,6,1,44,0,0,0,25,21,9,0,0,35,5,4,36,37,9,9,10,143,69,1,0,1,0,2,21,117,66,3,105,143,0,0,9,0,0,0,0,23,24,0,0,48,0,0,0,44,43,2,9,143,12,0,0,1,1,0,34,102,44,21,70,71,34,19,53,0,0,0,2,27,6,0,0,45,0,0,1,57,10,0,4,143,6,0,0,0,0,0,40,143,41,19,52,95,59,20,59
80,144,3,0,31,13,7,0,0,0,0,17,117,4,0,13,55,3,0,73,10,17,34,44,110,18,5,4,0,43,93,1,0,5,7,0,23,7,1,0,0,0,4,9,117,64,6,22,9,1,3,44,33,65,103,81,31,38,34,10,0,69,112,0,0,39,117,1,13,4,1,0,0,1,27,20,103,14,0,1,1,4,33,117,36,3,2,13,111,97,58,92,23,3,1,5,46,52,97,26,1,5,2,0,0,5,27,2,51,8,2,0,0,1,29,66,110,4,0,30,112,2,2,74,47,1,1,31,82,6,3,38
87,27,3,0,1,0,0,0,5,73,145,14,1,0,0,0,0,68,145,8,1,8,2,0,0,83,145,0,0,16,25,0,0,49,145,0,6,0,1,4,1,27,82,3,31,12,3,0,0,8,61,8,31,35,10,0,0,6,22,15,21,42,43,0,0,7,26,21,5,7,13,12,0,0,0,0,33,21,22,2,0,0,1,9,10,29,52,0,0,6,8,24,8,41,73,0,0,6,36,28,0,44,145,4,0,0,0,0,3,118,145,3,0,0,0,0,1,114,145,0,0,0,0,0,0,77,145,0,0,0,0,0
91,212,3,1,8,22,92,7,0,0,3,16,2,11,107,24,0,0,3,3,83,109,45,3,0,0,0,0,64,34,3,1,21,9,0,0,11,41,110,73,3,0,12,27,18,11,71,63,3,1,48,43,110,110,51,6,4,2,7,35,14,30,17,16,69,11,1,2,33,24,64,87,71,84,18,3,18,20,97,89,18,33,62,46,105,58,50,9,7,8,13,37,7,1,0,4,54,33,11,6,32,1,0,0,110,110,21,8,110,4,1,0,19,47,64,94,110,8,5,5,15,14,2,31,0,0,0,3,35,19,0,0
91,212,3,0,3,1,23,9,0,0,61,30,16,17,70,11,1,2,14,28,0,4,53,32,11,6,7,1,0,3,35,19,0,0,0,0,42,2,0,0,0,0,88,109,49,5,5,2,7,37,109,109,50,8,7,8,13,39,104,58,5,5,14,13,3,35,109,7,108,21,0,0,3,2,2,12,74,59,2,1,49,42,18,12,99,88,19,34,62,43,18,21,1,0,24,51,68,94,109,3,92,6,0,0,3,14,8,23,109,67,3,0,13,28,10,41,69,89,69,76,16,3,33,26,0,0,109,109,19,7,36,1
93,143,3,1,14,2,1,2,8,8,3,4,127,17,0,0,10,4,1,4,50,3,0,1,109,66,34,6,0,0,2,8,55,110,53,5,27,3,3,12,22,2,0,1,127,19,0,0,24,6,0,6,43,2,3,5,127,48,5,4,0,2,37,42,33,22,25,3,10,12,109,52,6,1,19,2,127,74,54,8,19,5,6,19,20,7,28,84,127,29,9,6,0,0,85,50,12,19,42,3,0,2,23,6,0,5,127,20,5,24,17,3,1,12,98,114,1,4,14,35,15,108,93,16,0,0,47,17,1,20,125,4
93,143,3,0,3,55,108,0,0,0,30,7,13,125,80,24,2,6,11,27,0,7,122,81,6,30,23,1,0,17,124,6,0,2,43,8,12,22,38,1,0,0,120,40,128,18,8,9,22,10,34,94,16,2,5,33,128,71,48,5,8,2,6,2,11,11,102,39,23,22,31,3,1,3,43,33,128,17,6,7,30,1,5,11,37,2,0,29,128,1,0,0,19,1,0,3,35,1,1,9,62,83,27,1,0,1,11,15,128,65,39,7,23,0,1,3,26,4,0,21,128,0,0,0,6,10,3,8,30,0,0,1
115,153,3,0,6,8,15,2,14,51,52,12,57,37,9,0,0,3,44,39,127,27,7,11,24,0,1,44,15,0,0,67,127,0,0,3,50,5,0,22,73,14,5,5,127,127,41,3,1,1,2,18,89,92,79,23,19,11,3,13,20,3,0,74,127,0,0,5,34,22,34,68,40,0,0,2,127,44,15,4,2,7,14,94,60,16,25,14,14,64,37,62,29,3,3,48,110,2,3,22,8,6,12,25,40,14,3,6,127,12,4,2,9,8,8,69,125,30,36,33,11,2,2,26,24,3,5,37,50,0,0,4
134,88,3,0,17,3,22,46,4,0,0,16,52,25,49,27,0,1,1,16,127,11,2,0,0,0,0,80,127,0,0,0,0,0,0,127,17,1,6,13,0,1,27,72,20,10,15,8,1,6,50,33,127,13,1,0,0,0,3,61,127,0,0,0,0,0,0,127,11,0,12,80,25,0,8,17,81,53,0,4,3,0,11,18,108,118,0,0,0,0,0,18,121,45,0,0,0,0,0,55,9,3,1,25,58,44,8,1,123,45,0,3,6,1,0,4,101,127,7,0,0,0,0,0,21,127,46,0,0,0,1,0
161,139,3,1,23,12,99,44,0,2,6,17,45,43,43,25,10,22,13,7,108,102,3,0,33,24,0,0,53,57,5,2,58,39,0,0,4,1,63,44,0,1,80,85,42,51,108,48,0,3,25,55,51,80,43,19,47,28,4,3,51,77,7,13,99,39,0,0,35,15,0,0,3,22,42,38,108,58,4,0,19,23,18,64,89,32,6,6,43,79,18,18,46,26,5,14,70,86,20,10,72,57,0,0,5,13,4,0,108,96,2,3,38,12,0,0,43,92,14,7,69,42,0,0,15,11,2,5,99,104,20,9
197,203,3,0,0,4,67,0,0,7,14,1,15,34,88,0,0,2,9,13,3,27,142,1,0,0,0,0,0,11,142,4,0,0,0,0,7,0,3,0,19,48,46,7,142,53,12,0,9,19,24,48,55,65,132,0,0,0,1,2,0,6,125,9,2,1,0,0,14,0,0,0,55,14,6,2,142,7,0,0,30,3,1,49,98,7,7,0,0,2,22,40,0,0,5,3,6,31,14,8,4,0,0,0,24,23,54,2,142,0,0,0,16,12,60,126,39,0,0,0,0,9,142,67,0,0,0,0,0,35,142,6
202,111,3,0,26,32,4,2,27,22,8,17,30,31,0,0,5,76,33,12,47,4,3,9,7,65,29,32,26,10,14,31,45,7,6,8,6,0,0,0,2,39,84,38,15,2,0,0,2,124,124,24,124,11,0,0,1,56,56,88,57,2,0,7,78,85,24,16,0,0,0,0,17,87,29,0,48,13,0,0,36,124,34,23,124,29,0,0,0,49,124,75,14,0,0,0,1,124,124,13,0,0,0,0,33,102,1,0,4,0,2,3,17,75,41,26,6,2,0,1,1,49,124,31,16,11,2,0,0,35,76,14
202,111,3,0,24,11,1,0,5,18,10,28,82,7,1,0,0,0,0,94,80,20,0,0,0,0,0,29,52,27,9,0,0,0,0,60,80,87,19,3,0,2,2,3,57,56,58,81,1,0,0,46,119,57,8,11,0,0,0,44,42,58,32,29,7,0,0,4,119,109,15,5,0,0,0,10,92,67,119,119,0,0,0,12,119,56,107,70,0,0,0,17,86,14,10,31,9,0,0,34,119,87,3,2,0,0,0,14,109,20,28,22,0,0,20,80,10,9,66,61,4,10,23,29,24,7,10,8,1,32,35,15
231,214,3,0,0,0,0,0,0,78,137,0,0,0,0,0,60,137,95,3,0,0,0,3,116,41,2,0,0,0,0,0,7,12,7,1,12,24,7,0,0,54,137,30,104,29,1,5,24,23,137,113,15,0,0,28,122,12,2,6,1,0,1,4,16,6,7,4,15,137,121,0,0,11,52,10,137,127,14,2,6,0,7,29,32,1,0,47,107,0,0,8,0,0,2,19,29,6,1,1,11,36,23,0,0,0,0,2,56,10,1,0,0,0,2,26,31,0,0,31,52,0,0,22,1,0,0,26,60,3,1,1
249,117,4,0,175,9,0,0,0,0,0,41,175,3,0,0,0,0,0,12,37,2,1,1,2,0,0,1,0,0,0,0,0,0,0,0,175,53,8,0,0,0,0,19,175,23,0,0,0,0,0,8,56,3,0,6,6,1,0,1,0,0,0,0,0,0,0,0,175,67,7,1,0,0,0,0,175,23,0,0,0,0,0,19,58,0,0,1,3,4,1,9,0,0,0,0,0,0,0,0,108,92,55,0,0,0,11,6,175,19,0,0,0,0,2,22,51,5,4,0,0,0,3,8,0,0,0,0,0,0,0,0
9,123,4,0,0,0,0,0,0,0,0,0,0,0,0,0,0,0,0,0,0,2,4,0,0,0,0,0,0,2,15,0,0,0,0,0,50,2,0,0,0,0,0,9,148,90,33,0,0,0,0,14,24,113,146,0,0,7,11,6,4,47,148,0,0,0,20,18,97,13,0,0,0,0,0,8,148,22,4,0,3,6,1,69,79,18,18,0,31,88,70,34,18,5,5,0,1,8,108,107,60,11,0,0,0,0,0,3,148,4,0,0,3,8,11,124,38,0,0,0,54,123,50,59,9,0,0,0,3,20,62,112
22,166,4,1,0,0,0,0,43,37,3,0,51,14,0,0,61,41,4,4,134,93,8,5,6,6,13,50,18,15,17,13,1,10,57,36,0,0,0,0,62,48,0,0,109,18,0,0,59,71,1,33,134,105,9,7,6,13,12,113,19,17,17,18,9,19,18,19,0,0,0,1,73,47,0,0,134,33,1,6,71,37,0,24,134,113,5,1,9,64,73,93,10,3,1,0,6,64,134,55,0,0,0,8,29,9,0,0,34,11,17,23,17,1,1,18,43,9,5,2,1,43,91,64,0,3,14,6,1,39,98,21
27,124,4,0,28,27,0,0,0,0,0,0,134,118,2,0,0,0,0,0,93,84,73,8,0,12,16,5,4,13,90,10,0,3,16,24,54,41,0,0,0,0,0,0,134,96,0,0,1,6,4,14,86,19,0,0,19,108,51,21,15,0,0,0,0,15,70,106,53,36,0,0,0,0,0,3,134,12,0,0,0,16,32,113,19,0,0,0,10,134,94,53,44,0,0,0,0,11,30,121,20,26,1,0,0,0,0,1,48,7,0,0,1,28,20,32,1,0,0,0,0,70,95,27,6,0,0,0,0,1,91,104
30,48,3,1,63,0,0,0,0,0,0,43,146,5,0,0,0,0,16,140,52,5,0,0,10,63,146,97,8,5,0,0,13,92,44,0,93,0,0,0,0,0,0,41,146,22,0,0,0,0,0,19,91,15,0,1,38,11,0,5,57,22,0,3,45,14,0,0,111,2,0,0,0,0,0,12,146,5,0,0,0,0,1,25,60,0,0,0,13,26,16,25,135,45,0,3,19,19,3,0,92,3,0,0,0,0,0,5,146,6,0,0,0,0,1,14,29,0,0,0,0,22,21,16,146,40,0,0,0,13,7,3
39,165,4,2,0,0,0,0,58,26,6,0,56,8,0,0,77,18,2,13,131,75,30,1,4,1,35,85,7,31,75,2,0,1,110,60,0,0,0,0,71,31,3,0,96,9,0,0,94,25,2,17,131,71,20,3,5,12,29,88,12,25,44,4,1,13,72,50,0,0,0,0,67,36,2,0,108,23,0,0,69,49,2,25,131,110,18,14,7,11,14,83,16,26,24,18,6,11,24,21,0,0,0,0,60,31,0,0,93,12,0,0,63,37,0,28,131,57,2,1,7,33,28,88,13,2,0,1,5,33,76,38
52,139,4,0,65,18,2,0,0,0,0,2,100,21,0,0,0,0,0,12,104,7,0,0,0,9,30,132,7,0,0,0,17,132,69,58,92,8,4,2,2,0,0,5,130,20,1,0,0,0,0,6,70,27,0,0,1,6,7,30,12,0,0,0,94,109,16,18,92,4,2,4,10,0,0,13,132,14,2,0,0,0,0,9,36,7,4,1,2,4,11,10,0,1,5,29,120,21,6,2,70,58,17,25,14,0,0,3,39,132,126,6,0,0,0,0,7,60,132,43,0,0,0,0,0,61,132,55,16,0,0,0
73,210,5,1,13,14,125,32,0,0,7,28,17,47,125,57,11,7,1,4,45,66,53,37,5,3,2,6,33,59,13,5,29,10,1,1,96,6,13,0,1,6,15,100,75,12,30,31,80,125,38,32,125,39,17,20,16,48,34,62,23,11,1,0,44,33,2,3,29,4,24,4,10,25,40,118,84,18,0,0,62,125,59,44,125,63,0,0,12,30,5,22,11,1,0,2,32,40,0,1,3,3,12,4,36,35,9,13,109,78,1,2,39,36,5,1,125,87,0,1,17,10,0,0,0,0,0,11,22,10,0,0
73,210,5,0,19,2,0,75,109,0,0,4,46,11,0,77,114,2,1,29,54,39,55,19,2,21,9,28,0,12,75,20,2,22,11,0,18,1,0,48,57,0,2,27,76,20,9,124,124,0,0,9,124,79,67,82,9,0,0,33,6,6,86,113,12,10,3,0,50,3,0,10,5,0,1,21,29,18,36,124,56,6,1,7,124,53,35,49,20,37,63,47,11,1,12,40,32,124,56,9,36,0,0,0,1,0,0,30,27,6,4,39,51,14,3,24,1,1,6,36,65,58,45,8,0,0,2,7,25,92,28,2
80,144,3,0,7,4,2,1,1,1,0,1,127,61,1,0,0,0,0,0,94,30,2,15,71,57,0,3,0,0,14,12,35,58,13,0,37,12,0,0,0,0,8,23,127,127,5,3,0,0,1,22,39,70,62,113,45,11,14,7,0,0,127,66,13,3,11,6,48,0,0,0,0,0,7,43,127,16,0,0,1,11,13,127,31,6,11,11,13,110,127,55,1,0,45,6,0,9,127,69,22,19,29,0,0,0,8,22,127,41,4,1,18,15,1,28,29,3,0,0,68,93,16,22,9,0,0,1,11,40,47,37
83,199,4,0,61,22,1,75,72,0,0,5,123,82,78,49,2,2,0,12,1,8,114,94,6,1,0,0,0,4,64,53,7,0,0,0,51,21,29,123,65,0,0,4,123,60,23,50,11,5,8,36,18,4,30,123,38,72,20,4,0,1,59,23,1,78,69,0,7,11,24,84,49,17,4,3,52,27,18,17,18,43,108,48,5,0,2,15,39,123,79,12,0,10,21,7,6,100,73,3,11,2,2,33,66,21,3,12,0,0,4,23,59,63,28,2,0,0,1,5,24,94,28,0,3,1,3,6,18,54,31,7
83,199,4,0,48,7,0,0,0,0,22,62,32,13,1,1,2,6,66,78,11,5,4,5,11,35,87,36,0,0,4,11,2,11,116,21,94,11,0,0,0,0,6,33,99,115,23,16,4,3,8,25,13,32,61,116,58,40,36,6,0,0,35,116,17,19,116,24,95,22,2,0,6,12,11,29,116,31,4,3,1,15,38,58,12,5,33,82,12,44,116,15,2,0,29,116,66,90,32,0,67,42,5,1,26,16,1,1,111,40,0,0,7,56,11,2,0,0,0,0,15,98,50,0,20,3,0,0,18,87,16,2
105,37,4,2,0,8,6,1,140,9,0,0,62,15,16,5,0,0,0,0,168,21,0,0,0,0,0,0,48,2,0,0,61,9,0,0,30,20,7,3,149,6,0,3,83,20,18,24,28,5,1,3,168,23,0,0,2,0,0,3,48,2,0,0,85,11,0,1,21,0,0,0,142,16,14,28,93,0,0,1,18,37,29,26,168,9,0,0,2,1,0,11,39,3,0,2,90,18,0,2,0,0,0,0,107,22,11,9,89,0,0,0,0,5,17,18,168,6,0,0,1,0,2,26,24,2,0,4,83,15,5,7
114,163,4,0,2,23,32,3,4,50,51,7,11,21,28,4,17,52,49,15,128,42,0,1,1,2,24,74,75,16,1,73,88,0,0,21,27,6,5,3,15,22,51,59,72,10,5,38,89,42,17,23,128,128,11,4,3,4,11,44,42,62,11,52,61,6,12,12,43,44,62,10,4,1,1,16,57,44,47,68,28,0,0,9,128,31,16,14,8,3,9,119,70,30,17,22,19,5,16,36,3,16,110,61,21,6,0,0,12,11,9,30,48,4,1,13,128,3,1,18,37,1,2,83,128,10,6,15,14,1,0,67
132,162,4,0,42,29,34,13,9,2,3,8,75,50,14,47,53,7,1,4,146,146,26,3,1,2,9,24,11,28,14,16,117,2,7,6,10,25,53,67,35,11,0,2,79,22,12,33,60,15,1,14,146,56,18,7,6,2,7,36,13,16,17,31,126,1,5,5,9,5,9,52,73,44,3,6,82,17,15,27,75,4,0,8,146,31,5,7,19,5,1,18,22,3,2,23,125,10,2,4,1,7,42,109,29,0,0,0,26,28,68,61,7,0,0,0,146,49,13,11,10,11,2,10,19,6,0,18,57,19,6,11
136,118,4,1,0,1,1,0,0,72,95,5,13,19,18,3,0,16,121,89,46,21,35,10,0,0,70,121,37,16,57,19,0,1,44,83,35,17,2,6,10,28,9,2,74,121,65,1,2,3,2,10,50,78,33,4,26,19,12,19,121,87,0,1,3,6,18,34,59,1,0,5,27,8,0,14,121,16,2,0,3,14,12,61,90,33,3,1,32,66,21,14,121,121,1,0,1,2,1,2,38,12,1,0,8,15,1,8,87,7,0,0,2,7,7,30,121,84,0,1,3,17,10,5,121,78,2,5,6,10,12,10
136,118,4,0,5,103,40,2,1,105,90,5,9,27,3,0,4,94,127,38,52,1,1,3,7,24,38,127,59,8,6,18,7,0,1,112,21,13,3,0,27,127,59,13,127,41,4,10,5,12,36,60,35,7,4,49,38,7,7,110,65,0,0,1,7,3,5,127,22,7,1,4,58,13,1,23,73,16,1,2,1,0,49,127,5,1,0,16,50,25,68,71,53,0,2,5,21,7,5,127,0,0,19,21,21,4,4,5,0,0,7,28,5,0,28,49,7,0,0,3,3,2,52,96,12,1,1,3,2,9,19,46
142,161,4,0,13,33,41,41,20,2,0,2,97,21,13,31,42,9,1,19,147,45,17,5,2,1,9,41,7,10,12,39,116,1,3,3,11,4,6,42,75,39,3,9,117,11,8,26,85,4,1,17,147,23,5,8,19,4,1,44,13,2,2,36,135,8,2,3,3,14,55,136,32,3,0,1,49,43,84,74,14,0,0,2,147,54,14,10,14,16,3,27,24,6,1,26,77,27,9,16,0,4,67,95,25,5,1,0,8,13,112,56,6,14,6,1,109,54,29,18,9,10,7,33,19,15,3,30,23,18,6,8
168,189,4,0,85,41,7,0,0,0,0,5,135,32,4,0,0,0,0,53,48,17,14,7,23,3,2,26,0,0,2,35,135,2,0,0,29,128,62,3,1,0,0,1,135,85,19,0,0,2,7,39,72,2,0,0,8,51,87,30,0,0,0,13,93,62,65,3,10,60,26,4,4,9,84,30,65,39,8,0,1,18,98,124,14,0,6,12,10,100,116,29,20,5,9,6,4,33,77,16,3,0,0,2,30,24,77,45,26,0,0,0,1,12,72,135,24,2,2,5,2,13,57,83,16,3,4,4,16,11,14,24
171,204,4,0,31,90,61,4,0,2,2,2,65,92,60,28,4,2,3,15,10,10,123,123,26,0,0,0,0,0,123,113,9,0,0,0,33,21,17,6,5,11,7,9,123,25,7,3,3,9,7,29,59,24,74,17,0,0,11,18,0,6,85,59,67,12,7,2,11,33,37,12,2,3,31,17,99,27,19,6,1,10,79,48,18,2,0,0,0,0,123,79,0,0,0,3,55,57,123,19,1,1,1,0,0,2,100,30,0,0,1,0,0,16,123,13,0,0,0,0,0,1,123,41,0,0,0,0,3,8,115,21
186,131,4,2,10,88,34,44,8,0,0,0,48,84,38,7,3,0,0,0,135,35,2,1,12,2,0,2,38,1,0,10,133,16,8,11,9,61,25,34,11,1,8,7,57,27,11,13,68,15,3,9,135,8,1,6,42,11,3,14,13,8,21,39,107,51,29,12,10,9,7,4,10,20,81,79,69,11,5,12,59,17,18,44,135,23,2,11,28,2,0,1,43,25,21,49,120,0,0,0,9,45,135,19,5,7,37,28,29,63,135,3,1,6,26,24,117,109,38,7,6,4,3,11,29,29,12,37,58,7,1,5
244,166,4,0,1,2,16,2,0,0,139,98,34,12,34,5,0,0,50,121,129,22,5,0,0,0,3,55,16,3,0,0,0,0,3,21,48,4,0,1,2,4,85,73,139,8,0,0,0,0,23,139,133,0,0,0,0,0,4,62,1,0,0,0,0,0,2,11,66,40,35,43,2,0,0,0,139,105,1,0,0,0,0,1,91,51,22,0,0,0,1,16,0,0,2,0,0,0,0,2,41,60,20,62,31,1,0,1,139,139,2,0,0,0,0,1,62,98,23,0,0,0,0,0,0,0,1,0,0,0,0,0
25,112,5,0,3,52,38,0,0,0,0,0,6,122,97,0,0,0,0,1,2,122,122,34,0,0,0,3,0,1,12,27,0,0,0,0,44,74,13,0,0,0,10,30,63,117,19,0,0,0,53,95,67,32,23,37,1,0,22,69,12,3,7,90,17,0,0,1,18,2,0,0,0,5,64,88,122,26,0,0,0,0,20,115,122,122,2,2,0,0,2,19,18,32,7,82,50,0,0,0,44,9,0,5,1,2,11,35,122,71,0,0,0,0,0,36,122,83,0,0,0,9,13,11,3,10,1,11,35,91,23,0
30,212,6,1,40,44,11,4,0,0,5,22,13,10,22,4,26,47,21,44,127,110,1,2,29,105,47,18,142,94,0,1,16,17,2,4,25,18,5,3,4,7,21,33,36,14,3,1,58,107,10,16,143,143,1,1,15,33,5,22,64,57,0,0,9,45,9,5,7,1,0,0,2,24,70,94,79,3,0,0,22,118,44,33,143,14,0,0,1,7,6,108,43,3,1,2,8,22,10,29,0,0,0,0,1,3,7,5,45,5,0,2,2,8,8,17,143,62,0,0,0,0,0,40,48,20,8,6,2,0,0,4
64,50,6,1,8,0,0,0,108,44,14,10,139,18,0,0,0,1,10,18,112,11,0,2,110,33,3,8,0,0,3,18,137,39,0,0,31,4,0,0,125,33,2,5,139,46,0,0,0,9,7,23,80,12,0,1,60,139,19,14,0,0,4,17,58,137,35,0,30,0,0,0,41,44,1,15,139,5,0,0,0,31,61,113,16,6,0,0,2,139,87,19,1,9,21,22,15,69,14,0,15,0,0,0,8,8,0,10,47,0,0,0,1,3,10,27,34,20,0,0,3,13,10,2,27,44,33,27,2,0,0,0
71,240,5,0,0,0,0,1,0,0,0,0,9,17,7,18,4,0,1,1,41,54,6,12,65,1,0,2,21,10,3,41,164,30,1,1,0,0,0,0,1,0,0,0,12,4,0,4,9,6,15,22,80,17,1,8,91,3,3,44,36,62,7,75,164,8,0,3,0,0,0,0,2,2,0,0,31,1,0,3,24,16,2,5,164,30,2,22,39,1,0,8,55,84,32,164,164,11,6,9,0,0,0,0,4,1,0,0,34,0,0,0,28,9,0,3,164,6,0,2,26,15,2,22,18,7,3,13,153,105,29,18
93,37,5,1,2,3,2,2,148,19,0,0,34,18,21,7,13,2,0,1,148,35,1,0,0,0,0,0,42,4,0,0,74,11,0,0,3,0,0,0,148,35,6,7,62,3,1,1,8,13,31,20,148,20,0,0,2,1,2,5,38,3,0,0,102,25,0,0,0,0,0,0,148,57,7,2,99,1,0,0,5,7,21,23,148,13,0,0,3,2,2,19,25,2,0,2,120,27,2,5,1,0,0,1,148,24,1,0,107,10,0,0,4,2,2,7,148,24,0,0,2,10,3,15,10,1,0,1,43,88,4,4
151,110,5,0,3,1,0,0,0,8,64,38,37,0,0,0,0,0,32,118,102,0,0,13,62,17,1,118,0,0,27,53,69,25,11,3,1,41,40,4,0,12,13,6,56,15,42,40,0,0,9,86,118,16,2,7,43,38,4,116,20,5,7,18,51,56,35,28,13,96,49,9,0,0,5,14,31,53,82,89,3,3,6,4,118,110,20,42,55,4,0,4,31,37,15,61,71,8,5,9,7,46,118,0,0,0,4,14,10,60,118,5,1,2,6,3,51,107,66,38,15,0,0,0,3,8,88,73,23,0,1,1
92,240,6,0,0,0,0,0,0,0,0,0,9,1,0,0,7,5,6,10,68,14,1,11,79,4,2,25,10,68,23,77,138,14,0,1,0,0,0,0,0,0,0,0,32,1,0,0,16,19,0,4,138,31,2,27,46,6,0,6,32,91,35,138,138,29,21,13,0,0,0,0,4,0,0,0,45,0,0,0,35,6,0,2,138,5,0,1,57,55,5,25,9,2,0,6,138,138,67,13,0,0,0,0,4,2,0,0,37,4,0,0,25,10,0,0,110,25,3,35,84,14,1,3,1,4,85,124,138,70,6,0
100,107,7,0,0,0,0,0,5,20,121,19,0,0,1,11,4,17,127,26,15,7,28,23,7,8,106,53,3,3,15,23,100,48,9,13,0,0,2,4,4,37,68,17,16,2,1,3,1,30,71,24,127,23,0,0,25,20,18,40,12,5,0,0,104,112,11,8,0,1,46,59,6,3,5,0,19,40,45,13,3,2,3,3,127,32,8,1,68,23,0,8,8,8,2,3,127,62,5,4,0,0,127,113,0,0,0,0,1,18,127,85,0,0,0,0,19,34,114,78,51,4,0,0,7,31,16,74,78,5,0,0
111,186,7,0,22,14,30,6,7,52,60,39,7,28,24,4,3,28,125,59,11,17,13,0,0,50,125,19,56,21,4,1,1,18,95,32,37,49,11,57,27,21,13,25,20,3,7,62,48,26,45,25,125,70,32,2,2,6,26,37,83,125,40,0,0,0,1,5,57,76,23,97,21,3,14,15,13,9,40,125,47,7,4,2,125,71,39,27,1,0,0,54,76,53,13,0,0,0,4,46,34,68,21,9,8,5,55,68,6,28,100,65,21,10,13,6,23,79,97,19,1,10,13,6,23,30,1,0,0,14,46,10
115,147,7,0,8,41,52,57,7,21,8,8,44,91,54,13,27,6,5,50,2,14,46,25,58,50,38,2,0,4,9,4,12,73,38,4,12,3,3,5,10,79,42,20,123,41,5,27,23,10,10,72,29,13,7,123,123,7,2,3,2,1,16,83,23,6,1,1,18,40,85,20,8,14,12,9,123,41,16,14,7,2,0,59,76,10,8,123,115,0,0,20,0,4,25,97,58,3,0,0,0,10,75,89,36,0,0,0,123,23,47,28,10,0,0,41,101,8,4,64,51,3,1,39,0,0,42,88,44,13,0,0
115,207,7,1,69,8,0,0,20,18,20,81,96,7,0,0,0,6,36,108,7,0,0,0,25,28,45,48,0,0,0,0,79,37,3,3,31,7,3,5,14,25,86,89,53,13,1,0,0,8,117,117,96,6,0,0,20,21,81,117,6,2,0,0,71,24,1,6,3,53,96,36,7,7,12,10,43,117,110,5,0,0,24,38,117,117,12,5,25,2,5,24,11,3,0,3,61,6,0,1,29,66,92,2,0,2,4,59,29,74,101,25,22,53,14,26,70,47,8,5,37,14,5,29,3,4,0,3,53,5,0,0
115,207,7,0,3,7,7,78,50,16,7,2,84,19,6,20,20,15,24,41,109,123,65,0,0,0,3,12,87,125,23,0,0,0,0,8,5,17,23,125,58,7,9,4,106,40,56,125,18,3,1,13,125,93,26,1,0,0,0,92,64,44,9,0,0,0,6,34,19,61,56,54,34,14,40,35,9,50,125,93,10,9,5,1,59,125,62,2,0,10,35,21,27,17,0,0,0,21,95,16,6,50,18,0,0,18,39,3,0,4,25,6,2,48,46,0,0,6,9,1,0,24,45,0,0,2,4,1,0,12,34,0
129,196,6,0,12,1,2,12,8,14,111,45,35,22,17,0,0,18,114,26,87,81,22,0,0,5,46,22,81,86,31,22,2,0,3,7,29,8,10,60,41,18,5,14,120,96,34,2,0,1,2,30,67,120,80,0,0,0,0,8,108,83,10,0,0,0,0,43,11,11,46,120,26,1,0,0,120,85,45,17,0,0,0,57,104,54,9,0,0,0,5,69,49,21,0,0,0,7,28,29,0,12,113,47,8,7,5,0,16,92,92,10,0,8,17,2,24,41,2,0,0,14,64,9,5,1,0,0,0,23,94,6
230,74,7,0,0,0,152,34,0,0,57,14,6,37,152,32,0,1,52,8,45,78,51,1,0,4,20,7,13,3,0,0,0,0,0,2,0,0,3,0,1,7,152,42,12,0,11,1,0,2,152,71,124,5,4,0,0,4,104,99,27,0,0,0,0,0,0,6,0,0,1,23,35,15,48,8,106,16,0,1,5,2,73,43,152,57,0,0,0,0,8,22,28,5,0,0,0,0,0,0,0,0,5,31,47,5,0,0,137,43,9,10,7,0,0,3,152,59,0,0,0,0,0,0,11,2,0,0,0,0,0,0
230,74,7,0,0,0,1,0,3,38,41,2,88,2,0,0,2,21,17,30,163,1,0,2,25,0,0,22,24,0,0,12,163,0,0,0,2,11,79,10,10,19,15,0,106,37,76,0,0,3,4,12,163,25,9,3,19,0,0,36,34,0,27,96,163,0,0,6,0,12,163,9,0,0,0,0,11,44,163,0,0,0,0,0,91,110,120,0,1,0,0,11,15,14,47,40,12,0,0,5,0,1,43,0,0,0,0,0,0,1,45,0,0,0,0,0,0,8,21,0,0,0,0,0,0,3,5,0,0,0,0,0
113,206,7,0,2,3,3,32,25,44,70,6,67,17,0,7,9,16,92,47,123,123,2,0,0,3,13,16,123,82,10,0,0,0,1,30,17,27,51,123,18,1,0,2,123,37,64,115,11,1,1,25,123,83,8,0,0,0,0,81,76,14,0,0,0,9,30,54,44,34,29,76,10,4,28,67,14,57,123,92,6,5,1,2,77,108,53,2,0,16,20,16,16,2,0,0,0,41,77,14,33,104,16,0,0,7,9,19,6,16,26,3,2,45,20,1,0,4,7,1,1,34,16,0,0,0,2,0,0,10,9,0
179,79,9,0,0,1,8,32,59,5,0,0,14,62,37,10,12,0,0,0,147,93,4,0,7,1,0,0,51,10,0,0,147,34,0,0,2,2,8,15,23,27,4,4,30,30,25,3,0,9,22,31,147,56,3,0,22,3,3,23,40,9,0,0,147,41,0,0,0,0,1,2,18,41,41,0,79,3,0,0,0,29,43,24,147,35,0,0,43,5,1,12,36,7,0,0,147,43,0,0,0,1,73,40,19,19,13,0,87,39,70,7,0,3,13,6,147,49,5,4,50,4,0,1,26,11,13,37,147,21,0,0
181,227,8,0,0,0,1,1,0,0,0,0,99,23,5,2,0,0,0,0,63,37,87,31,1,0,0,0,0,2,73,133,33,0,0,0,0,0,5,1,0,0,0,0,126,22,14,2,0,0,0,3,133,93,59,7,2,1,0,11,12,30,91,106,133,43,1,2,0,2,3,0,0,0,0,0,78,22,13,0,0,0,0,6,133,15,1,1,4,21,62,111,15,5,2,6,133,133,75,25,2,1,0,0,0,0,0,0,31,11,3,0,0,0,0,3,45,7,6,8,20,38,27,23,0,0,16,24,127,133,26,1
230,74,7,0,0,0,116,41,0,0,64,26,1,20,135,50,0,0,48,17,39,105,74,2,0,0,15,11,18,13,0,0,0,0,0,1,0,0,0,1,2,8,135,59,13,0,9,1,0,0,135,129,102,7,6,0,0,0,75,128,20,1,0,0,0,0,0,9,0,0,0,14,51,13,33,6,130,29,0,0,6,2,50,57,135,75,0,0,0,0,4,29,17,4,0,0,0,0,0,0,1,3,12,33,42,0,0,0,135,94,11,7,4,0,0,0,135,78,0,0,0,0,0,0,2,0,0,0,0,0,0,0
230,74,7,0,0,0,0,0,3,44,24,2,113,0,0,0,0,14,13,65,144,0,0,13,49,0,0,55,12,0,1,60,144,0,0,2,2,12,47,9,12,32,17,1,129,55,50,0,0,4,6,30,144,33,5,11,21,0,0,65,23,5,53,143,101,0,0,6,0,47,144,11,1,0,0,0,13,119,144,0,0,0,0,0,80,144,82,1,0,0,0,6,14,21,44,24,1,0,0,1,0,10,60,0,0,0,0,0,0,10,44,0,0,0,0,0,0,9,12,0,0,0,0,0,0,1,0,0,0,0,0,0
25,85,11,1,123,0,0,0,96,105,26,94,95,1,3,8,98,123,73,64,2,6,19,31,61,94,79,25,19,19,9,0,3,11,75,57,74,0,0,0,17,68,27,99,123,59,39,41,8,56,54,58,11,21,108,123,17,18,15,9,4,6,36,44,45,15,33,21,62,0,0,0,8,5,0,11,123,16,4,7,1,1,3,43,19,5,18,91,55,22,8,15,2,0,7,33,123,37,0,2,0,0,0,0,0,0,0,0,1,0,0,0,0,0,0,0,0,0,0,0,3,3,0,0,0,0,0,0,11,5,0,0
25,85,11,0,6,26,23,22,13,31,3,2,26,121,67,0,1,4,0,3,1,18,18,0,0,0,0,0,0,0,0,0,0,0,0,0,37,12,7,53,76,9,8,28,125,65,14,3,3,7,9,50,24,21,13,8,21,63,10,3,0,0,0,0,0,4,0,0,33,50,103,81,37,2,3,15,125,25,93,59,16,36,54,51,8,1,0,6,21,125,63,9,0,0,0,0,0,34,2,0,3,125,125,19,8,77,14,0,0,13,121,106,125,125,14,0,0,7,65,24,73,97,3,0,0,17,32,1,1,15,1,0
26,185,10,1,6,5,27,93,57,21,8,26,51,10,0,1,10,27,100,82,123,36,54,6,3,4,35,99,38,63,106,4,1,1,23,42,6,0,0,24,123,123,1,1,123,49,0,0,13,36,9,26,123,32,0,0,0,6,63,90,123,50,0,0,3,3,34,65,5,0,0,0,10,27,0,2,52,3,0,0,0,4,34,70,123,11,0,0,0,6,91,90,123,33,0,0,0,1,5,45,0,0,0,0,0,0,0,0,0,0,0,0,0,0,2,1,63,12,0,0,0,0,6,10,96,33,0,0,0,0,0,3
80,26,11,0,0,2,7,39,61,9,8,4,24,22,15,57,17,0,0,0,52,70,1,2,0,0,0,0,0,0,0,0,0,0,0,0,55,92,29,16,11,9,19,15,66,57,52,135,71,0,0,1,135,65,1,15,9,0,0,14,6,0,0,0,0,0,0,0,135,45,6,7,4,0,3,42,99,20,4,129,135,0,0,11,135,9,0,26,37,0,0,45,22,0,0,0,0,0,0,4,135,9,0,2,1,0,1,35,106,0,0,44,135,0,0,21,135,0,0,16,78,1,0,60,40,0,0,0,0,0,0,10
184,199,12,0,3,0,0,0,15,104,109,9,29,6,2,3,23,75,121,29,2,2,2,16,37,10,2,1,0,0,0,0,2,1,0,0,52,9,6,61,105,110,59,31,121,91,28,28,8,9,31,44,19,27,30,119,83,9,2,4,0,0,0,13,24,7,1,0,75,17,28,68,19,0,1,29,121,40,29,29,13,15,55,84,20,3,2,41,87,60,97,48,0,0,0,27,61,13,9,1,43,2,4,4,11,5,12,92,8,1,4,18,109,28,59,58,10,7,0,1,16,24,121,67,32,7,0,10,11,8,39,31
194,168,11,0,0,0,0,0,13,67,20,0,10,0,0,0,25,119,119,16,40,11,4,5,16,52,96,31,1,3,4,17,21,4,0,0,19,1,0,6,31,119,119,48,74,13,10,86,102,81,37,31,119,79,25,23,5,3,11,38,11,16,19,89,63,8,2,4,75,51,3,4,2,11,23,41,78,17,35,71,15,0,0,30,119,25,24,19,12,15,57,79,8,1,0,19,47,43,81,35,14,19,14,23,15,16,7,11,42,2,4,5,13,5,14,107,4,0,2,19,99,23,47,45,6,5,0,1,12,16,119,41
215,24,11,1,0,0,0,0,0,0,0,0,0,0,0,0,0,6,19,1,0,0,0,0,0,3,23,9,0,0,0,0,0,4,10,0,0,0,0,0,2,1,0,0,8,0,0,0,64,128,85,24,79,3,0,0,22,50,103,131,5,0,0,0,50,110,113,13,0,0,0,0,23,8,0,0,55,14,0,0,131,107,7,7,131,57,0,0,88,35,7,28,10,2,5,7,131,82,19,2,0,0,0,0,49,16,0,0,85,24,0,0,131,64,0,0,131,53,0,0,85,21,0,0,1,2,8,21,131,24,1,0
215,24,11,0,127,7,0,14,51,0,1,38,94,0,0,52,133,0,0,20,133,0,0,1,5,0,0,41,0,0,0,0,0,0,0,0,133,0,0,9,31,1,5,84,94,6,8,97,133,0,0,20,133,23,7,11,18,0,0,45,4,0,0,0,0,0,0,0,133,92,52,4,5,0,1,30,68,47,98,131,63,0,0,7,82,122,92,23,4,0,0,3,3,4,0,0,0,0,0,0,8,59,63,0,0,0,0,0,6,23,25,4,0,0,0,0,0,10,21,0,0,0,0,0,0,0,0,0,0,0,0,0
225,170,11,0,4,11,57,34,9,3,1,3,56,49,84,61,17,1,5,4,137,76,14,1,0,0,0,13,17,0,0,0,0,0,0,0,3,9,50,43,19,54,27,8,24,21,62,41,10,43,137,56,137,42,10,1,0,0,31,137,12,1,0,0,0,0,0,8,24,55,120,95,16,12,12,13,20,29,137,137,32,19,18,10,137,126,41,14,0,0,4,36,18,5,0,0,0,0,0,2,14,6,4,6,6,15,104,31,4,5,11,32,25,33,52,8,63,20,7,4,0,0,19,52,4,0,0,0,0,0,2,5
59,99,12,0,2,7,20,22,33,26,19,19,3,12,11,41,44,44,1,0,18,89,49,1,4,8,0,0,1,19,13,0,0,0,0,0,0,6,39,29,27,61,24,3,24,8,8,60,97,11,9,10,117,61,12,4,5,6,7,25,19,20,7,1,3,39,12,4,6,46,41,7,12,68,21,8,16,97,117,48,23,3,7,7,72,22,105,66,39,31,26,23,5,0,0,3,19,117,44,6,0,117,117,7,2,19,12,0,0,117,117,15,12,117,34,0,0,12,93,63,115,117,5,0,0,3,67,36,44,38,1,0
112,181,15,1,13,15,3,2,4,111,111,15,62,111,5,1,0,41,52,20,32,82,50,18,6,1,8,18,20,23,93,30,14,7,17,36,65,15,2,3,24,15,16,76,57,59,11,1,0,6,77,79,111,39,14,4,0,0,44,97,60,46,109,24,10,30,32,20,110,40,0,0,4,18,9,34,111,90,70,3,0,3,11,18,111,74,42,0,0,1,17,38,26,1,0,0,1,34,82,29,111,58,0,0,0,0,0,9,111,105,7,0,0,0,0,0,8,21,10,0,1,0,2,1,0,0,0,0,0,0,4,0
123,96,18,0,19,6,33,55,1,0,1,13,38,18,25,7,8,4,48,69,47,74,75,74,27,5,14,11,53,94,29,28,1,0,0,0,11,31,49,58,26,11,0,0,71,35,49,55,35,1,3,14,126,62,20,53,44,0,0,30,126,23,5,41,47,0,0,19,8,44,85,76,21,7,1,0,37,38,26,103,57,9,3,5,126,36,7,26,60,2,2,48,126,2,0,28,93,0,0,29,10,12,20,27,58,66,12,7,8,21,52,29,51,37,15,11,126,70,48,20,22,9,6,67,72,54,55,45,32,0,0,9
216,93,16,0,0,2,100,15,0,0,104,28,15,18,107,10,0,0,112,47,119,49,15,0,0,0,18,68,7,0,0,0,0,0,0,1,9,11,42,5,0,3,127,116,23,16,60,10,6,32,127,82,127,38,10,0,0,1,64,127,3,0,0,0,0,0,0,2,21,54,80,14,4,2,12,27,58,52,52,63,19,21,33,24,127,95,10,2,0,1,8,40,0,0,0,0,0,0,0,0,39,75,27,28,8,1,1,16,48,30,35,101,25,11,6,22,101,39,6,3,0,0,1,27,0,0,0,0,0,0,0,0
